0 0.321042 0.769410 0.024583 0.053559
0 0.342708 0.755032 0.024583 0.053559
0 0.360417 0.746405 0.024583 0.053559
0 0.416042 0.712617 0.024583 0.053559
0 0.436875 0.699317 0.024583 0.053559
0 0.458333 0.689971 0.024583 0.053559
0 0.275000 0.642164 0.024583 0.053559
0 0.296458 0.634256 0.024583 0.053559
0 0.314792 0.620597 0.024583 0.053559
0 0.334167 0.609094 0.024583 0.053559
0 0.372292 0.586449 0.024583 0.053559
0 0.390417 0.576384 0.024583 0.053559
0 0.411875 0.562006 0.024583 0.053559
0 0.433542 0.550863 0.024583 0.053559
0 0.515417 0.499461 0.023750 0.058591
0 0.537500 0.489756 0.023750 0.058591
0 0.556875 0.478613 0.023750 0.058591
0 0.576250 0.464953 0.023750 0.058591
