0 0.591562 0.361071 0.016875 0.071531
0 0.607396 0.359633 0.016875 0.071531
0 0.622604 0.359633 0.016875 0.071531
0 0.639271 0.357477 0.016875 0.071531
0 0.676771 0.355320 0.016875 0.071531
0 0.691771 0.354601 0.016875 0.071531
0 0.706562 0.355679 0.016875 0.071531
0 0.755313 0.352444 0.016875 0.071531
0 0.590938 0.481488 0.016875 0.071531
0 0.606563 0.484723 0.016875 0.071531
0 0.622604 0.487958 0.016875 0.071531
0 0.637604 0.487599 0.016875 0.071531
0 0.675104 0.485083 0.016875 0.071531
0 0.689063 0.486161 0.016875 0.071531
0 0.705104 0.482207 0.016875 0.071531
0 0.721771 0.484004 0.016875 0.071531
0 0.590729 0.600827 0.016875 0.071531
0 0.605521 0.603702 0.016875 0.071531
0 0.622812 0.602624 0.016875 0.071531
0 0.669687 0.601186 0.016875 0.071531
0 0.684688 0.599748 0.016875 0.071531
0 0.699896 0.599748 0.016875 0.071531
0 0.733437 0.600467 0.016875 0.071531
0 0.749271 0.600827 0.016875 0.071531
0 0.675312 0.866822 0.016875 0.071531
