0 0.543392 0.414148 0.013535 0.037088
0 0.533838 0.418269 0.013535 0.037088
0 0.522691 0.423764 0.013535 0.037088
0 0.512341 0.433379 0.013535 0.037088
0 0.501990 0.438874 0.013535 0.037088
0 0.492436 0.444368 0.013535 0.037088
0 0.482086 0.449863 0.013535 0.037088
0 0.471736 0.458104 0.013535 0.037088
0 0.462182 0.463599 0.013535 0.037088
0 0.451831 0.469093 0.013535 0.037088
0 0.442277 0.475962 0.013535 0.037088
0 0.432723 0.481456 0.013535 0.037088
0 0.422373 0.486951 0.013535 0.037088
0 0.413615 0.492445 0.013535 0.037088
0 0.403264 0.497940 0.013535 0.037088
0 0.394506 0.503434 0.013535 0.037088
0 0.383360 0.511676 0.013535 0.037088
0 0.373010 0.519918 0.013535 0.037088
0 0.355494 0.533654 0.013535 0.037088
0 0.341959 0.541896 0.013535 0.037088
0 0.329220 0.550137 0.013535 0.037088
0 0.319666 0.558379 0.013535 0.037088
0 0.310908 0.563874 0.013535 0.037088
0 0.298965 0.570742 0.013535 0.037088
0 0.289411 0.576236 0.013535 0.037088
0 0.279061 0.583104 0.013535 0.037088
0 0.270303 0.588599 0.013535 0.037088
0 0.259156 0.594093 0.013535 0.037088
0 0.250398 0.599588 0.013535 0.037088
0 0.240844 0.607830 0.013535 0.037088
0 0.229697 0.610577 0.013535 0.037088
0 0.216162 0.613324 0.013535 0.037088
0 0.205812 0.621566 0.013535 0.037088
0 0.194666 0.631181 0.013535 0.037088
