0 0.393542 0.342380 0.016250 0.062904
0 0.409167 0.340942 0.016250 0.062904
0 0.424792 0.338785 0.016250 0.062904
0 0.441667 0.336988 0.016250 0.062904
0 0.457292 0.334112 0.016250 0.062904
0 0.473750 0.332674 0.016250 0.062904
0 0.488958 0.329799 0.016250 0.062904
0 0.504583 0.326923 0.016250 0.062904
0 0.520417 0.324407 0.016250 0.062904
0 0.535833 0.322250 0.016250 0.062904
0 0.551458 0.320093 0.016250 0.062904
0 0.567083 0.317577 0.016250 0.062904
0 0.582917 0.314342 0.016250 0.062904
0 0.597500 0.311107 0.016250 0.062904
0 0.613333 0.310029 0.016250 0.062904
0 0.379583 0.426132 0.016250 0.062904
0 0.396042 0.423257 0.016250 0.062904
0 0.412708 0.421100 0.016250 0.062904
0 0.429792 0.419662 0.016250 0.062904
0 0.445417 0.416786 0.016250 0.062904
0 0.461042 0.415349 0.016250 0.062904
0 0.477083 0.412473 0.016250 0.062904
0 0.492500 0.409597 0.016250 0.062904
0 0.508542 0.407081 0.016250 0.062904
0 0.523750 0.403846 0.016250 0.062904
0 0.540417 0.401689 0.016250 0.062904
0 0.555833 0.399173 0.016250 0.062904
0 0.571458 0.396298 0.016250 0.062904
0 0.586667 0.393422 0.016250 0.062904
0 0.601875 0.389109 0.016250 0.062904
0 0.617292 0.388749 0.016250 0.062904
0 0.413438 0.620058 0.016042 0.066139
0 0.426979 0.617182 0.016042 0.066139
0 0.441354 0.615385 0.016042 0.066139
0 0.456562 0.613228 0.016042 0.066139
0 0.470938 0.609274 0.016042 0.066139
0 0.485104 0.606398 0.016042 0.066139
0 0.499896 0.603882 0.016042 0.066139
0 0.513437 0.601006 0.016042 0.066139
0 0.529687 0.599928 0.016042 0.066139
0 0.545312 0.597771 0.016042 0.066139
0 0.561354 0.595615 0.016042 0.066139
0 0.575937 0.593458 0.016042 0.066139
0 0.591562 0.590942 0.016042 0.066139
0 0.606563 0.588066 0.016042 0.066139
0 0.623646 0.583034 0.016042 0.066139
0 0.610729 0.653127 0.016042 0.066139
0 0.595938 0.656362 0.016042 0.066139
0 0.580729 0.659238 0.016042 0.066139
0 0.565312 0.660316 0.016042 0.066139
0 0.549479 0.664630 0.016042 0.066139
0 0.533229 0.667865 0.016042 0.066139
0 0.518229 0.671100 0.016042 0.066139
0 0.503646 0.671819 0.016042 0.066139
0 0.488854 0.676132 0.016042 0.066139
0 0.474271 0.678289 0.016042 0.066139
0 0.460313 0.681524 0.016042 0.066139
0 0.446146 0.683321 0.016042 0.066139
0 0.431354 0.685478 0.016042 0.066139
0 0.417812 0.688354 0.016042 0.066139
0 0.391354 0.693386 0.016042 0.066139
