0 0.740208 0.466391 0.016250 0.064342
0 0.755833 0.464953 0.016250 0.064342
0 0.771667 0.464594 0.016250 0.064342
0 0.788333 0.464234 0.016250 0.064342
0 0.706875 0.467469 0.016250 0.064342
0 0.690833 0.468548 0.016250 0.064342
0 0.655208 0.468907 0.016250 0.064342
0 0.638333 0.468907 0.016250 0.064342
0 0.622083 0.470345 0.016250 0.064342
0 0.607083 0.469267 0.016250 0.064342
0 0.609167 0.600108 0.017083 0.047088
0 0.638542 0.600288 0.016250 0.046010
0 0.656250 0.605140 0.016667 0.049964
0 0.672813 0.641265 0.016875 0.048167
0 0.690104 0.603702 0.017292 0.052121
0 0.705313 0.607117 0.016875 0.048167
0 0.735104 0.607477 0.016875 0.048167
0 0.752812 0.608196 0.016875 0.048167
0 0.606563 0.719986 0.016875 0.048167
0 0.622812 0.721783 0.016875 0.048167
0 0.638229 0.746585 0.016875 0.048167
0 0.653021 0.722502 0.016875 0.048167
0 0.688646 0.722861 0.016875 0.048167
0 0.703646 0.721783 0.016875 0.048167
0 0.719688 0.719626 0.016875 0.048167
0 0.749896 0.725737 0.016875 0.048167
0 0.766563 0.722142 0.016875 0.048167
