0 0.473542 0.911574 0.022083 0.028037
0 0.481875 0.791517 0.022083 0.028037
0 0.487292 0.705967 0.022083 0.028037
0 0.491146 0.664989 0.021875 0.025162
0 0.493229 0.640546 0.021875 0.025162
0 0.495521 0.608914 0.021875 0.025162
0 0.497604 0.586988 0.021875 0.025162
0 0.502188 0.547807 0.021875 0.025162
0 0.507396 0.480590 0.021875 0.025162
0 0.509687 0.457944 0.021875 0.025162
0 0.511771 0.434579 0.021875 0.025162
0 0.513021 0.410855 0.021875 0.025162
0 0.513854 0.390726 0.021875 0.025162
0 0.516146 0.371316 0.021875 0.025162
0 0.518437 0.349029 0.021875 0.025162
0 0.571146 0.357297 0.021875 0.025162
0 0.574896 0.317038 0.021875 0.025162
0 0.583021 0.238318 0.021875 0.025162
0 0.526146 0.212797 0.021875 0.025162
0 0.527813 0.191229 0.021875 0.025162
0 0.530521 0.165708 0.021875 0.025162
