0 0.358021 0.394500 0.014375 0.060029
0 0.370937 0.393063 0.014375 0.060029
0 0.384896 0.390187 0.014375 0.060029
0 0.398854 0.390187 0.014375 0.060029
0 0.411979 0.385873 0.014375 0.060029
0 0.426771 0.385155 0.014375 0.060029
0 0.441354 0.383717 0.014375 0.060029
0 0.454688 0.381201 0.014375 0.060029
0 0.468438 0.379403 0.014375 0.060029
0 0.481354 0.376168 0.014375 0.060029
0 0.507396 0.373652 0.014375 0.060029
0 0.520938 0.373652 0.014375 0.060029
0 0.534271 0.370776 0.014375 0.060029
0 0.547188 0.369339 0.014375 0.060029
0 0.560937 0.366822 0.014375 0.060029
0 0.557604 0.304996 0.014375 0.060029
0 0.544479 0.308950 0.014375 0.060029
0 0.530729 0.312185 0.014375 0.060029
0 0.516979 0.314342 0.014375 0.060029
0 0.504271 0.315780 0.014375 0.060029
0 0.491563 0.317577 0.014375 0.060029
0 0.479063 0.320093 0.014375 0.060029
0 0.465313 0.322610 0.014375 0.060029
0 0.451562 0.324407 0.014375 0.060029
0 0.437812 0.327642 0.014375 0.060029
0 0.424896 0.328361 0.014375 0.060029
0 0.397813 0.332674 0.014375 0.060029
0 0.383646 0.334112 0.014375 0.060029
0 0.368646 0.334831 0.014375 0.060029
0 0.365833 0.615205 0.012083 0.055715
0 0.389062 0.614127 0.013542 0.057153
0 0.401979 0.611610 0.013542 0.057153
0 0.413021 0.609454 0.013542 0.057153
0 0.425729 0.608375 0.013542 0.057153
0 0.449688 0.605500 0.013542 0.057153
0 0.462396 0.604421 0.013542 0.057153
0 0.488021 0.600467 0.013542 0.057153
0 0.474271 0.602983 0.013542 0.057153
0 0.501771 0.597232 0.013542 0.057153
0 0.514687 0.595075 0.013542 0.057153
0 0.527396 0.592200 0.013542 0.057153
0 0.541146 0.590043 0.013542 0.057153
0 0.553229 0.587886 0.013542 0.057153
0 0.566979 0.585370 0.013542 0.057153
0 0.565729 0.529295 0.013542 0.057153
0 0.552396 0.531812 0.013542 0.057153
0 0.538646 0.531452 0.013542 0.057153
0 0.525104 0.535047 0.013542 0.057153
0 0.511979 0.537922 0.013542 0.057153
0 0.497396 0.540439 0.013542 0.057153
0 0.484687 0.542236 0.013542 0.057153
0 0.471979 0.543674 0.013542 0.057153
0 0.460521 0.547987 0.013542 0.057153
0 0.448229 0.546909 0.013542 0.057153
0 0.435937 0.550144 0.013542 0.057153
0 0.423229 0.551582 0.013542 0.057153
0 0.411562 0.553019 0.013542 0.057153
0 0.398229 0.553738 0.013542 0.057153
0 0.385104 0.554817 0.013542 0.057153
