0 0.387083 0.394860 0.019167 0.054277
0 0.398333 0.405284 0.019167 0.054277
0 0.422917 0.430086 0.019167 0.054277
0 0.433542 0.441589 0.019167 0.054277
0 0.447917 0.454170 0.019167 0.054277
0 0.464167 0.468907 0.019167 0.054277
0 0.476667 0.482926 0.019167 0.054277
0 0.490417 0.493350 0.019167 0.054277
0 0.504375 0.506650 0.019167 0.054277
0 0.407708 0.481488 0.019167 0.054277
0 0.420833 0.495507 0.019167 0.054277
0 0.432292 0.503415 0.019167 0.054277
0 0.463125 0.528577 0.019167 0.054277
0 0.475833 0.540079 0.019167 0.054277
0 0.488125 0.549425 0.019167 0.054277
0 0.500625 0.560568 0.019167 0.054277
