0 0.360625 0.382818 0.019583 0.041697
0 0.372292 0.395040 0.019583 0.041697
0 0.383333 0.403307 0.019583 0.041697
0 0.396667 0.417326 0.019583 0.041697
0 0.409792 0.428109 0.019583 0.041697
0 0.420833 0.439252 0.019583 0.041697
0 0.432917 0.450755 0.019583 0.041697
0 0.450000 0.465492 0.019583 0.041697
0 0.462708 0.478433 0.019583 0.041697
0 0.474375 0.490295 0.019583 0.041697
0 0.487917 0.503235 0.019583 0.041697
0 0.500000 0.514378 0.019583 0.041697
0 0.485208 0.562545 0.019583 0.041697
0 0.472917 0.551402 0.019583 0.041697
0 0.459375 0.537383 0.019583 0.041697
0 0.447083 0.526240 0.019583 0.041697
0 0.393542 0.479152 0.019583 0.041697
0 0.367917 0.456147 0.019583 0.041697
0 0.357500 0.443566 0.019583 0.041697
0 0.344583 0.434220 0.019583 0.041697
0 0.332083 0.423077 0.019583 0.041697
