0 0.342396 0.539001 0.017292 0.063623
0 0.367188 0.534687 0.017292 0.063623
0 0.381146 0.531093 0.017292 0.063623
0 0.395521 0.528217 0.017292 0.063623
0 0.410729 0.525341 0.017292 0.063623
0 0.425521 0.522825 0.017292 0.063623
0 0.439271 0.521028 0.017292 0.063623
0 0.451979 0.516715 0.017292 0.063623
0 0.466979 0.515277 0.017292 0.063623
0 0.482604 0.512761 0.017292 0.063623
0 0.498646 0.511323 0.017292 0.063623
0 0.515312 0.505931 0.017292 0.063623
0 0.530104 0.502336 0.017292 0.063623
0 0.545521 0.500180 0.017292 0.063623
0 0.560521 0.497664 0.017292 0.063623
0 0.578229 0.494788 0.017292 0.063623
0 0.590313 0.423976 0.017292 0.063623
0 0.572812 0.430805 0.017292 0.063623
0 0.557187 0.433321 0.017292 0.063623
0 0.541562 0.435478 0.017292 0.063623
0 0.526354 0.437994 0.017292 0.063623
0 0.512188 0.437635 0.017292 0.063623
0 0.495104 0.443746 0.017292 0.063623
0 0.479271 0.443746 0.017292 0.063623
0 0.463854 0.445183 0.017292 0.063623
0 0.450521 0.449856 0.017292 0.063623
0 0.434479 0.453091 0.017292 0.063623
0 0.421146 0.455607 0.017292 0.063623
0 0.406771 0.456686 0.017292 0.063623
0 0.391146 0.459202 0.017292 0.063623
0 0.376771 0.462437 0.017292 0.063623
0 0.362396 0.465313 0.017292 0.063623
0 0.329479 0.270489 0.017292 0.063623
0 0.346146 0.270489 0.017292 0.063623
0 0.363021 0.268332 0.017292 0.063623
0 0.379479 0.265816 0.017292 0.063623
0 0.395104 0.263300 0.017292 0.063623
0 0.411354 0.260065 0.017292 0.063623
0 0.427604 0.257189 0.017292 0.063623
0 0.442188 0.255751 0.017292 0.063623
0 0.459271 0.251438 0.017292 0.063623
0 0.474687 0.250719 0.017292 0.063623
0 0.490312 0.248922 0.017292 0.063623
0 0.504896 0.246405 0.017292 0.063623
0 0.521354 0.243889 0.017292 0.063623
0 0.536771 0.241014 0.017292 0.063623
0 0.551771 0.238138 0.017292 0.063623
0 0.568229 0.235262 0.017292 0.063623
0 0.343021 0.187815 0.017292 0.063623
0 0.359063 0.184939 0.017292 0.063623
0 0.375937 0.184579 0.017292 0.063623
0 0.391146 0.182063 0.017292 0.063623
0 0.407813 0.179188 0.017292 0.063623
0 0.424271 0.177750 0.017292 0.063623
0 0.439479 0.175953 0.017292 0.063623
0 0.454479 0.173436 0.017292 0.063623
0 0.471354 0.170201 0.017292 0.063623
0 0.485521 0.168045 0.017292 0.063623
0 0.501771 0.166247 0.017292 0.063623
0 0.517604 0.164450 0.017292 0.063623
0 0.532188 0.160855 0.017292 0.063623
0 0.548021 0.157980 0.017292 0.063623
0 0.563854 0.152948 0.017292 0.063623
