0 0.514167 0.856398 0.022500 0.026240
0 0.516458 0.829080 0.022500 0.026240
0 0.517500 0.809310 0.022500 0.026240
0 0.519167 0.788102 0.022500 0.026240
0 0.521458 0.765097 0.022500 0.026240
0 0.523542 0.743530 0.022500 0.026240
0 0.525000 0.721244 0.022500 0.026240
0 0.528333 0.699676 0.022500 0.026240
0 0.529167 0.678109 0.022500 0.026240
0 0.531875 0.655104 0.022500 0.026240
0 0.534375 0.633896 0.022500 0.026240
0 0.536250 0.613408 0.022500 0.026240
0 0.538125 0.591121 0.022500 0.026240
0 0.540000 0.569195 0.022500 0.026240
0 0.541458 0.547628 0.022500 0.026240
0 0.544583 0.527139 0.022500 0.026240
0 0.546250 0.505572 0.022500 0.026240
0 0.547708 0.480769 0.022500 0.026240
0 0.549167 0.458124 0.022500 0.026240
0 0.551875 0.437635 0.022500 0.026240
0 0.553542 0.415708 0.022500 0.026240
0 0.555208 0.391625 0.022500 0.026240
0 0.557500 0.369339 0.022500 0.026240
0 0.577292 0.874371 0.022500 0.026240
0 0.578333 0.848490 0.022500 0.026240
0 0.581042 0.823329 0.022500 0.026240
0 0.582083 0.798886 0.022500 0.026240
0 0.584375 0.774083 0.022500 0.026240
0 0.586458 0.749641 0.022500 0.026240
0 0.588333 0.725198 0.022500 0.026240
0 0.590833 0.699676 0.022500 0.026240
0 0.594167 0.674155 0.022500 0.026240
0 0.595208 0.649712 0.022500 0.026240
0 0.596458 0.623472 0.022500 0.026240
0 0.598542 0.597951 0.022500 0.026240
0 0.601250 0.572430 0.022500 0.026240
0 0.603750 0.546909 0.022500 0.026240
0 0.606042 0.522825 0.022500 0.026240
0 0.607292 0.497664 0.022500 0.026240
0 0.609167 0.472502 0.022500 0.026240
0 0.613542 0.446262 0.022500 0.026240
0 0.615000 0.420022 0.022500 0.026240
0 0.616667 0.394860 0.022500 0.026240
0 0.619792 0.366822 0.022500 0.026240
0 0.622708 0.341661 0.022500 0.026240
0 0.625417 0.317937 0.022500 0.026240
