0 0.035104 0.192667 0.028958 0.037383
0 0.063437 0.202732 0.028958 0.037383
0 0.029896 0.223940 0.028958 0.037383
0 0.057396 0.238677 0.028958 0.037383
0 0.025729 0.249101 0.028958 0.037383
0 0.054896 0.264198 0.028958 0.037383
0 0.022396 0.276060 0.028958 0.037383
0 0.049896 0.287922 0.028958 0.037383
0 0.044687 0.320992 0.028958 0.037383
0 0.041979 0.347592 0.028958 0.037383
0 0.035729 0.370597 0.028958 0.037383
0 0.032604 0.397196 0.028958 0.037383
0 0.026771 0.422358 0.028958 0.037383
0 0.022812 0.447520 0.028958 0.037383
0 0.019062 0.470884 0.028958 0.037383
0 0.015521 0.498203 0.028958 0.037383
0 0.017604 0.327822 0.028958 0.037383
0 0.013229 0.357836 0.026042 0.035586
0 0.009062 0.382638 0.017708 0.032710
0 0.007292 0.411215 0.014167 0.031632
0 0.339062 0.467290 0.018125 0.081237
0 0.356354 0.470165 0.018125 0.081237
0 0.372396 0.473760 0.018125 0.081237
0 0.387813 0.478073 0.018125 0.081237
0 0.403646 0.482387 0.018125 0.081237
0 0.420938 0.486700 0.018125 0.081237
0 0.436771 0.492811 0.018125 0.081237
0 0.455313 0.496046 0.018125 0.081237
0 0.469271 0.500719 0.018125 0.081237
0 0.485312 0.506470 0.018125 0.081237
0 0.499896 0.510784 0.018125 0.081237
0 0.514479 0.514019 0.018125 0.081237
0 0.335938 0.528217 0.017292 0.049245
0 0.354479 0.531452 0.017292 0.049245
0 0.369271 0.532890 0.017292 0.049245
0 0.384896 0.537922 0.017292 0.049245
0 0.401354 0.541876 0.017292 0.049245
0 0.418438 0.548706 0.017292 0.049245
0 0.433229 0.553738 0.017292 0.049245
0 0.449688 0.555895 0.017292 0.049245
0 0.465313 0.562006 0.017292 0.049245
0 0.479687 0.565960 0.017292 0.049245
0 0.495521 0.573868 0.017292 0.049245
0 0.525729 0.580338 0.017292 0.049245
0 0.573021 0.586808 0.017292 0.049245
