0 0.539809 0.325549 0.019108 0.052198
0 0.527866 0.330357 0.019108 0.059066
0 0.514331 0.335852 0.015924 0.061813
0 0.501194 0.346841 0.018312 0.061813
0 0.549363 0.574176 0.025478 0.032967
0 0.558121 0.618132 0.027070 0.035714
0 0.562102 0.638736 0.023885 0.030220
0 0.617436 0.731456 0.026274 0.031593
0 0.628583 0.798077 0.024682 0.030220
0 0.633758 0.822802 0.023885 0.032967
0 0.637341 0.844780 0.026274 0.027473
0 0.641720 0.861951 0.027070 0.028846
0 0.646895 0.885989 0.024682 0.030220
0 0.449841 0.758242 0.019108 0.054945
0 0.437102 0.765110 0.017516 0.052198
0 0.413217 0.783654 0.017516 0.056319
0 0.401672 0.790522 0.018312 0.053571
0 0.362261 0.814560 0.019108 0.049451
