0 0.559174 0.158189 0.028711 0.040943
0 0.552171 0.246898 0.025910 0.032258
0 0.547619 0.297146 0.026611 0.035980
0 0.440826 0.921836 0.024510 0.034739
0 0.449230 0.786600 0.025910 0.034739
0 0.453431 0.692308 0.024510 0.034739
0 0.459734 0.642680 0.025910 0.029777
0 0.461835 0.617246 0.024510 0.031017
0 0.464636 0.578164 0.025910 0.029777
0 0.466387 0.552730 0.023810 0.031017
0 0.471289 0.506824 0.023810 0.031017
0 0.477591 0.431141 0.023810 0.031017
0 0.481092 0.408809 0.023810 0.031017
0 0.483193 0.381514 0.023810 0.031017
0 0.484594 0.356700 0.023810 0.031017
0 0.485994 0.333127 0.023810 0.031017
0 0.488095 0.310794 0.023810 0.031017
0 0.490196 0.282258 0.023810 0.031017
0 0.500000 0.130893 0.023810 0.031017
0 0.500700 0.106079 0.023810 0.031017
0 0.503501 0.077543 0.023810 0.031017
