0 0.462187 0.408519 0.027708 0.020489
0 0.523854 0.348490 0.011458 0.047088
0 0.534583 0.347951 0.011250 0.046010
0 0.546250 0.346154 0.012500 0.046010
0 0.542708 0.298347 0.012500 0.046010
0 0.532500 0.304457 0.012500 0.046010
0 0.487083 0.308771 0.012500 0.046010
0 0.475208 0.313444 0.012500 0.046010
0 0.463958 0.311646 0.012500 0.046010
0 0.442500 0.317398 0.012500 0.046010
0 0.431250 0.317757 0.012500 0.046010
0 0.420208 0.316319 0.012500 0.046010
0 0.409167 0.318835 0.012500 0.046010
0 0.407083 0.276420 0.012500 0.046010
0 0.418542 0.274623 0.012500 0.046010
0 0.430417 0.273904 0.012500 0.046010
0 0.440833 0.272466 0.012500 0.046010
0 0.460313 0.267434 0.012292 0.041697
0 0.472813 0.265636 0.012292 0.041697
0 0.484896 0.265277 0.012292 0.041697
0 0.497917 0.265097 0.012917 0.047088
0 0.515000 0.187455 0.012917 0.047088
0 0.529375 0.253954 0.012917 0.047088
0 0.541458 0.253954 0.012917 0.047088
0 0.370000 0.147915 0.012917 0.047088
0 0.397292 0.142164 0.012917 0.047088
0 0.408750 0.141086 0.012917 0.047088
0 0.420833 0.141445 0.012917 0.047088
0 0.440833 0.137850 0.012917 0.047088
0 0.452500 0.134975 0.012917 0.047088
0 0.464583 0.133537 0.012917 0.047088
0 0.486667 0.127426 0.012917 0.047088
0 0.498125 0.126348 0.012917 0.047088
0 0.509375 0.124191 0.012917 0.047088
0 0.406146 0.095435 0.013125 0.038462
0 0.417812 0.096513 0.013125 0.038462
0 0.449271 0.091481 0.013125 0.038462
0 0.462396 0.091121 0.013125 0.038462
0 0.495312 0.082135 0.013125 0.038462
0 0.506979 0.080697 0.013125 0.038462
0 0.404479 0.058411 0.013125 0.038462
0 0.416563 0.056973 0.013125 0.038462
0 0.427604 0.057692 0.013125 0.038462
0 0.448646 0.052660 0.013125 0.038462
0 0.459896 0.051222 0.013125 0.038462
0 0.472187 0.053379 0.013125 0.038462
0 0.492604 0.047268 0.013125 0.038462
0 0.505521 0.042236 0.013125 0.038462
0 0.517604 0.042236 0.013125 0.038462
0 0.794271 0.809130 0.020625 0.020129
0 0.792604 0.790079 0.020625 0.020129
0 0.791771 0.769590 0.020625 0.020129
0 0.791146 0.751618 0.020625 0.020129
0 0.789896 0.731488 0.020625 0.020129
0 0.766771 0.757009 0.020625 0.020129
0 0.765104 0.737599 0.020625 0.020129
0 0.762604 0.715672 0.020625 0.020129
0 0.757188 0.663551 0.026875 0.020848
0 0.756979 0.642344 0.026875 0.020848
0 0.782188 0.566319 0.021875 0.018332
0 0.781771 0.547628 0.021875 0.018332
0 0.780625 0.527858 0.021667 0.020489
