0 0.436667 0.786664 0.023333 0.025521
0 0.435625 0.807153 0.023333 0.025521
0 0.437500 0.762581 0.023333 0.025521
0 0.440000 0.741733 0.023333 0.025521
0 0.440417 0.719087 0.023333 0.025521
0 0.443333 0.699317 0.023333 0.025521
0 0.445000 0.679188 0.023333 0.025521
0 0.445625 0.656542 0.023333 0.025521
0 0.447500 0.633178 0.023333 0.025521
0 0.449167 0.612329 0.023333 0.025521
0 0.451458 0.591840 0.023333 0.025521
0 0.453125 0.570992 0.023333 0.025521
0 0.455000 0.551941 0.023333 0.025521
0 0.456458 0.528577 0.023333 0.025521
0 0.458958 0.504853 0.023333 0.025521
0 0.462500 0.483285 0.023333 0.025521
0 0.464167 0.457045 0.023333 0.025521
0 0.466667 0.429727 0.023333 0.025521
0 0.482500 0.211898 0.023333 0.025521
0 0.483333 0.187815 0.023333 0.025521
0 0.484167 0.167326 0.023333 0.025521
