0 0.360312 0.987958 0.026458 0.019770
0 0.360938 0.969267 0.026458 0.019770
0 0.361354 0.950216 0.026458 0.019770
0 0.361354 0.932243 0.026458 0.019770
0 0.361771 0.913192 0.026458 0.019770
0 0.360729 0.893781 0.026458 0.019770
0 0.360729 0.875090 0.026458 0.019770
0 0.360312 0.874371 0.026458 0.019770
0 0.360729 0.857836 0.026458 0.019770
0 0.361354 0.839145 0.026458 0.019770
0 0.360729 0.820453 0.026458 0.019770
0 0.360938 0.797448 0.026458 0.019770
0 0.360521 0.772646 0.026458 0.019770
0 0.361354 0.750000 0.026458 0.019770
0 0.360104 0.729152 0.026458 0.019770
0 0.359479 0.707225 0.026458 0.019770
0 0.359687 0.659777 0.026458 0.019770
0 0.359167 0.513659 0.025000 0.022286
0 0.359375 0.492811 0.025000 0.022286
0 0.359583 0.472682 0.025000 0.022286
0 0.358958 0.454349 0.025000 0.022286
0 0.357917 0.435298 0.025000 0.022286
0 0.357917 0.415528 0.025000 0.022286
0 0.358542 0.396118 0.025000 0.022286
0 0.357500 0.378505 0.025000 0.022286
0 0.357292 0.359454 0.025000 0.022286
0 0.356458 0.338965 0.025000 0.022286
0 0.355208 0.144860 0.025000 0.022286
