0 0.393854 0.922178 0.019375 0.021208
0 0.397813 0.863587 0.019375 0.021208
0 0.399479 0.843458 0.019375 0.021208
0 0.401146 0.822969 0.019375 0.021208
0 0.402396 0.802480 0.019375 0.021208
0 0.404062 0.781272 0.019375 0.021208
0 0.405729 0.761143 0.019375 0.021208
0 0.406979 0.743530 0.019375 0.021208
0 0.408438 0.724479 0.019375 0.021208
0 0.409896 0.705787 0.019375 0.021208
0 0.411354 0.687096 0.019375 0.021208
0 0.413438 0.669482 0.019375 0.021208
0 0.415938 0.651150 0.019375 0.021208
0 0.416146 0.633896 0.019375 0.021208
0 0.418646 0.615924 0.019375 0.021208
0 0.420104 0.597951 0.019375 0.021208
0 0.422187 0.581057 0.019375 0.021208
0 0.423229 0.563444 0.019375 0.021208
0 0.424896 0.544393 0.019375 0.021208
0 0.426771 0.527139 0.019375 0.021208
0 0.427604 0.507728 0.019375 0.021208
0 0.430104 0.489396 0.019375 0.021208
0 0.431563 0.473580 0.019375 0.021208
0 0.432604 0.455248 0.019375 0.021208
0 0.434063 0.437994 0.019375 0.021208
0 0.435104 0.421100 0.019375 0.021208
0 0.436771 0.402408 0.019375 0.021208
0 0.438854 0.385514 0.019375 0.021208
0 0.438646 0.365025 0.019375 0.021208
0 0.440104 0.344896 0.019375 0.021208
