0 0.608542 0.601186 0.018750 0.052840
0 0.624792 0.599748 0.018750 0.052840
0 0.641875 0.593997 0.018750 0.052840
0 0.656875 0.595075 0.018750 0.052840
0 0.708750 0.592919 0.018750 0.052840
0 0.724167 0.593997 0.018750 0.052840
0 0.742083 0.593278 0.018750 0.052840
0 0.756250 0.592559 0.018750 0.052840
0 0.773958 0.591840 0.018750 0.052840
0 0.623542 0.722682 0.018750 0.052840
0 0.640417 0.723041 0.018750 0.052840
0 0.656875 0.726276 0.018750 0.052840
0 0.689375 0.726636 0.018750 0.052840
0 0.706250 0.726276 0.018750 0.052840
0 0.721667 0.725557 0.018750 0.052840
0 0.736875 0.727354 0.018750 0.052840
0 0.607917 0.835550 0.018750 0.052840
0 0.704583 0.842020 0.018750 0.052840
0 0.722917 0.844177 0.018750 0.052840
