0 0.425938 0.958483 0.023958 0.025521
0 0.429063 0.899892 0.023958 0.025521
0 0.431146 0.876528 0.023958 0.025521
0 0.432812 0.854601 0.023958 0.025521
0 0.433646 0.833393 0.023958 0.025521
0 0.436354 0.811107 0.023958 0.025521
0 0.437188 0.787743 0.023958 0.025521
0 0.437396 0.765457 0.023958 0.025521
0 0.440104 0.744249 0.023958 0.025521
0 0.441146 0.719446 0.023958 0.025521
0 0.444896 0.696082 0.023958 0.025521
0 0.446562 0.673796 0.023958 0.025521
0 0.449271 0.637491 0.023958 0.025521
0 0.450521 0.614127 0.023958 0.025521
0 0.453021 0.594357 0.023958 0.025521
0 0.455313 0.573508 0.023958 0.025521
0 0.458229 0.550144 0.023958 0.025521
0 0.460521 0.529295 0.023958 0.025521
0 0.461562 0.502696 0.023958 0.025521
0 0.463438 0.477894 0.023958 0.025521
0 0.466562 0.453091 0.023958 0.025521
0 0.467187 0.430086 0.023958 0.025521
0 0.469479 0.408879 0.023958 0.025521
0 0.470104 0.386592 0.023958 0.025521
0 0.472813 0.363228 0.023958 0.025521
0 0.528854 0.373293 0.023958 0.025521
0 0.534062 0.329080 0.023958 0.025521
0 0.541562 0.244249 0.023958 0.025521
0 0.481979 0.218368 0.023958 0.025521
0 0.484479 0.196441 0.023958 0.025521
0 0.485521 0.170201 0.023958 0.025521
