0 0.577229 0.430632 0.012739 0.037088
0 0.569268 0.433379 0.012739 0.037088
0 0.559713 0.440247 0.012739 0.037088
0 0.550159 0.445742 0.012739 0.037088
0 0.538217 0.449176 0.011146 0.043956
0 0.528662 0.450549 0.011146 0.043956
0 0.519904 0.454670 0.011146 0.043956
0 0.510350 0.457418 0.011146 0.043956
0 0.503185 0.462912 0.011146 0.043956
0 0.493631 0.467033 0.011146 0.043956
0 0.484873 0.469780 0.011146 0.043956
0 0.477707 0.472527 0.011146 0.043956
0 0.468949 0.479396 0.012739 0.043956
0 0.460987 0.484890 0.012739 0.043956
