0 0.307083 0.668584 0.025833 0.074766
0 0.327917 0.659597 0.025833 0.074766
0 0.345417 0.645219 0.025833 0.074766
0 0.364792 0.633357 0.025833 0.074766
0 0.403333 0.613947 0.025833 0.074766
0 0.421458 0.592739 0.025833 0.074766
0 0.440833 0.582315 0.025833 0.074766
0 0.462708 0.574407 0.025833 0.074766
0 0.349792 0.787922 0.025833 0.074766
0 0.369792 0.773904 0.025833 0.074766
0 0.391875 0.768871 0.025833 0.074766
0 0.445208 0.732566 0.025833 0.074766
0 0.467708 0.713875 0.025833 0.074766
0 0.486458 0.702732 0.025833 0.074766
0 0.545625 0.515097 0.025833 0.074766
0 0.567083 0.510424 0.025833 0.074766
0 0.587917 0.501438 0.025833 0.074766
0 0.606875 0.487419 0.025833 0.074766
