0 0.323248 0.619505 0.038217 0.052198
0 0.330414 0.652473 0.038217 0.052198
0 0.337580 0.682692 0.038217 0.052198
0 0.343949 0.717033 0.038217 0.052198
0 0.365446 0.821429 0.038217 0.052198
0 0.386146 0.918956 0.038217 0.052198
0 0.391720 0.947802 0.038217 0.052198
0 0.399682 0.973901 0.038217 0.052198
0 0.429140 0.721841 0.025478 0.092033
0 0.446656 0.716346 0.025478 0.092033
0 0.462580 0.702610 0.025478 0.092033
0 0.495223 0.753434 0.025478 0.092033
0 0.478503 0.771291 0.025478 0.092033
0 0.460191 0.780907 0.025478 0.092033
0 0.444268 0.796016 0.025478 0.092033
