0 0.349271 0.397017 0.020208 0.062904
0 0.313021 0.358555 0.020208 0.062904
0 0.325937 0.376168 0.020208 0.062904
0 0.360729 0.407441 0.020208 0.062904
0 0.373021 0.420381 0.020208 0.062904
0 0.391146 0.439432 0.020208 0.062904
0 0.403646 0.449497 0.020208 0.062904
0 0.416563 0.458483 0.020208 0.062904
0 0.440521 0.482926 0.020208 0.062904
0 0.453854 0.494069 0.020208 0.062904
0 0.286146 0.407441 0.020208 0.062904
0 0.297396 0.419662 0.020208 0.062904
0 0.308229 0.429727 0.020208 0.062904
0 0.334271 0.454889 0.020208 0.062904
0 0.347187 0.465672 0.020208 0.062904
0 0.356979 0.475737 0.020208 0.062904
0 0.387188 0.504853 0.020208 0.062904
0 0.400104 0.517793 0.020208 0.062904
0 0.412813 0.528936 0.025625 0.066499
0 0.423021 0.539001 0.025625 0.066499
