0 0.753981 0.471154 0.031847 0.035714
0 0.763535 0.519231 0.031847 0.030220
0 0.768312 0.546016 0.031847 0.026099
0 0.771099 0.572115 0.032643 0.028846
0 0.232086 0.357143 0.021497 0.041209
0 0.281847 0.324176 0.019108 0.046703
0 0.297771 0.315247 0.019108 0.042582
0 0.307325 0.310440 0.022293 0.043956
0 0.316879 0.302198 0.022293 0.046703
0 0.378185 0.269918 0.019108 0.053571
0 0.365446 0.273352 0.017516 0.046703
0 0.355892 0.279533 0.020701 0.050824
0 0.552150 0.701236 0.027866 0.026099
0 0.556131 0.727335 0.027866 0.026099
0 0.567675 0.770604 0.028662 0.032967
0 0.571656 0.795330 0.028662 0.032967
0 0.576433 0.811813 0.028662 0.032967
