0 0.655280 0.112162 0.078675 0.078378
0 0.757764 0.104054 0.078675 0.078378
0 0.655280 0.190541 0.078675 0.078378
0 0.835404 0.185135 0.078675 0.078378
0 0.836957 0.426351 0.083851 0.093243
0 0.836439 0.345946 0.082816 0.081081
0 0.898551 0.268919 0.078675 0.078378
0 0.657350 0.268919 0.078675 0.078378
0 0.825052 0.894595 0.078675 0.078378
0 0.835404 0.822973 0.078675 0.078378
0 0.844203 0.727027 0.077640 0.124324
0 0.650104 0.893243 0.078675 0.078378
0 0.649068 0.810811 0.078675 0.078378
0 0.651139 0.739189 0.078675 0.078378
0 0.652174 0.655405 0.078675 0.078378
