0 0.538750 0.866463 0.031667 0.024083
0 0.531042 0.939432 0.031667 0.024083
0 0.541042 0.842739 0.031667 0.024083
0 0.542292 0.821891 0.031667 0.024083
0 0.543750 0.798886 0.031667 0.024083
0 0.545833 0.775881 0.031667 0.024083
0 0.546667 0.752516 0.031667 0.024083
0 0.549375 0.730949 0.031667 0.024083
0 0.551458 0.710101 0.031667 0.024083
0 0.552917 0.687096 0.031667 0.024083
0 0.554792 0.666607 0.031667 0.024083
0 0.556250 0.645399 0.031667 0.024083
0 0.558958 0.622035 0.031667 0.024083
0 0.560833 0.599748 0.031667 0.024083
0 0.563750 0.579260 0.031667 0.024083
0 0.566042 0.557692 0.031667 0.024083
0 0.568125 0.534328 0.031667 0.024083
0 0.570833 0.512761 0.031667 0.024083
0 0.572292 0.492631 0.031667 0.024083
0 0.575208 0.470345 0.031667 0.024083
0 0.576875 0.450216 0.031667 0.024083
0 0.578125 0.426132 0.031667 0.024083
0 0.580208 0.401330 0.031667 0.024083
0 0.581875 0.378325 0.031667 0.024083
0 0.601250 0.888210 0.030417 0.028037
0 0.601458 0.859813 0.030417 0.028037
0 0.604167 0.832854 0.030417 0.028037
0 0.606458 0.809849 0.030417 0.028037
0 0.608958 0.786485 0.030417 0.028037
0 0.611250 0.759166 0.030417 0.028037
0 0.612083 0.734004 0.030417 0.028037
0 0.613958 0.709202 0.030417 0.028037
0 0.620000 0.661395 0.030417 0.028037
0 0.621250 0.632998 0.030417 0.028037
0 0.623333 0.606039 0.030417 0.028037
0 0.622917 0.605320 0.030417 0.028037
0 0.626042 0.582315 0.030417 0.028037
0 0.627500 0.554996 0.030417 0.028037
0 0.633750 0.507189 0.030417 0.028037
0 0.635417 0.479511 0.030417 0.028037
0 0.636250 0.452552 0.030417 0.028037
0 0.638333 0.424874 0.030417 0.028037
0 0.644583 0.350827 0.030417 0.028037
0 0.646667 0.323868 0.030417 0.028037
0 0.649792 0.297628 0.030417 0.028037
0 0.651667 0.271387 0.030417 0.028037
0 0.654167 0.245866 0.030417 0.028037
0 0.656042 0.219267 0.030417 0.028037
