0 0.580937 0.339504 0.010208 0.042056
0 0.569063 0.340223 0.010208 0.042056
0 0.558021 0.342020 0.010208 0.042056
0 0.546771 0.344896 0.010208 0.042056
0 0.522083 0.347412 0.010833 0.042056
0 0.510000 0.349928 0.010833 0.042056
0 0.498750 0.351006 0.010833 0.042056
0 0.488125 0.353882 0.010833 0.042056
0 0.465208 0.357477 0.010833 0.042056
0 0.454167 0.357836 0.010833 0.042056
0 0.443750 0.358555 0.010833 0.042056
0 0.432917 0.361790 0.010833 0.042056
0 0.397292 0.363587 0.010833 0.042056
0 0.578229 0.293134 0.011042 0.043494
0 0.565937 0.296370 0.011042 0.043494
0 0.555104 0.297088 0.011042 0.043494
0 0.544271 0.298886 0.011042 0.043494
0 0.530937 0.302480 0.011042 0.043494
0 0.520104 0.303559 0.011042 0.043494
0 0.507604 0.304996 0.011042 0.043494
0 0.496771 0.308591 0.011042 0.043494
0 0.486354 0.309310 0.011042 0.043494
0 0.473646 0.309669 0.011042 0.043494
0 0.462604 0.311467 0.011042 0.043494
0 0.452188 0.312904 0.011042 0.043494
0 0.441563 0.315421 0.011042 0.043494
0 0.431146 0.316499 0.011042 0.043494
0 0.497917 0.168943 0.012917 0.046010
0 0.486458 0.171100 0.012917 0.046010
0 0.474375 0.172538 0.012917 0.046010
0 0.462917 0.170740 0.012917 0.046010
0 0.451042 0.173616 0.012917 0.046010
0 0.440208 0.175054 0.012917 0.046010
0 0.427708 0.174694 0.012917 0.046010
0 0.413750 0.177211 0.012917 0.046010
0 0.403333 0.180086 0.012917 0.046010
0 0.392083 0.181884 0.012917 0.046010
0 0.562500 0.103882 0.012917 0.046010
0 0.518125 0.109633 0.012917 0.046010
0 0.505417 0.112868 0.012917 0.046010
0 0.494792 0.113587 0.012917 0.046010
0 0.483333 0.114306 0.012917 0.046010
0 0.471458 0.117182 0.012917 0.046010
0 0.460833 0.119339 0.012917 0.046010
0 0.448542 0.120417 0.012917 0.046010
0 0.438125 0.120776 0.012917 0.046010
0 0.425833 0.122933 0.012917 0.046010
0 0.412292 0.126887 0.012917 0.046010
0 0.400625 0.127247 0.012917 0.046010
0 0.773125 0.536485 0.026250 0.020489
0 0.772917 0.557333 0.026250 0.020489
0 0.774792 0.577462 0.026250 0.020489
0 0.775000 0.594716 0.026250 0.020489
0 0.797917 0.552660 0.026250 0.020489
0 0.798542 0.571352 0.026250 0.020489
0 0.798125 0.570633 0.026250 0.020489
0 0.799792 0.590403 0.026250 0.020489
0 0.801250 0.605859 0.026250 0.020489
0 0.778750 0.660855 0.026250 0.020489
0 0.804375 0.659418 0.026250 0.020489
0 0.780625 0.682782 0.026250 0.020489
0 0.805417 0.676312 0.026250 0.020489
0 0.807083 0.697520 0.026250 0.020489
0 0.781875 0.701474 0.026250 0.020489
0 0.783750 0.718009 0.026250 0.020489
0 0.807500 0.733465 0.026250 0.020489
0 0.808542 0.753235 0.026250 0.020489
0 0.808750 0.773005 0.026250 0.020489
0 0.809792 0.794213 0.026250 0.020489
0 0.812292 0.814162 0.022083 0.023724
0 0.786458 0.795651 0.026667 0.022646
0 0.785833 0.757189 0.026250 0.020489
0 0.786042 0.776600 0.026667 0.021208
0 0.788750 0.817937 0.026667 0.022646
0 0.788958 0.838426 0.026667 0.022646
