0 0.223275 0.634244 0.048714 0.081994
0 0.265900 0.631833 0.041949 0.083601
0 0.304465 0.628617 0.040595 0.083601
0 0.343708 0.632637 0.040595 0.078778
0 0.409337 0.627010 0.055480 0.083601
0 0.454668 0.627010 0.037889 0.083601
0 0.493911 0.624598 0.040595 0.075563
0 0.537889 0.625402 0.044655 0.080386
0 0.244249 0.298232 0.055480 0.078778
0 0.315968 0.299839 0.050068 0.081994
0 0.358593 0.312701 0.046008 0.098071
0 0.399865 0.304662 0.039242 0.085209
0 0.441813 0.305466 0.041949 0.096463
0 0.483085 0.296624 0.046008 0.081994
0 0.527740 0.299035 0.040595 0.086817
0 0.568336 0.299839 0.040595 0.091640
0 0.608254 0.307878 0.052774 0.104502