0 0.264062 0.625449 0.016875 0.058950
0 0.288854 0.619339 0.016875 0.058950
0 0.303854 0.616463 0.016875 0.058950
0 0.318437 0.613947 0.016875 0.058950
0 0.333854 0.611790 0.016875 0.058950
0 0.347813 0.609274 0.016875 0.058950
0 0.360312 0.605320 0.016875 0.058950
0 0.376563 0.602085 0.016875 0.058950
0 0.389896 0.600288 0.016875 0.058950
0 0.405104 0.597771 0.016875 0.058950
0 0.421354 0.595255 0.016875 0.058950
0 0.436563 0.591301 0.016875 0.058950
0 0.453646 0.588426 0.016875 0.058950
0 0.467604 0.585191 0.016875 0.058950
0 0.482812 0.583393 0.016875 0.058950
0 0.499271 0.580518 0.016875 0.058950
0 0.494896 0.519051 0.016875 0.058950
0 0.479271 0.521927 0.016875 0.058950
0 0.464896 0.522286 0.016875 0.058950
0 0.449062 0.523724 0.016875 0.058950
0 0.433854 0.528037 0.016875 0.058950
0 0.417396 0.530913 0.016875 0.058950
0 0.401354 0.533070 0.016875 0.058950
0 0.386354 0.534867 0.016875 0.058950
0 0.372188 0.536664 0.016875 0.058950
0 0.356563 0.539180 0.016875 0.058950
0 0.343854 0.541697 0.016875 0.058950
0 0.328437 0.544213 0.016875 0.058950
0 0.314063 0.545651 0.016875 0.058950
0 0.299063 0.549245 0.016875 0.058950
0 0.284896 0.552840 0.016875 0.058950
0 0.253125 0.360891 0.015417 0.058950
0 0.268958 0.358016 0.015417 0.058950
0 0.285208 0.355140 0.015417 0.058950
0 0.301042 0.352265 0.015417 0.058950
0 0.317917 0.349029 0.015417 0.058950
0 0.334167 0.347232 0.015417 0.058950
0 0.349375 0.344716 0.015417 0.058950
0 0.365625 0.342559 0.015417 0.058950
0 0.381042 0.339684 0.015417 0.058950
0 0.397083 0.337886 0.015417 0.058950
0 0.412917 0.336089 0.015417 0.058950
0 0.427917 0.332854 0.015417 0.058950
0 0.443750 0.330697 0.015417 0.058950
0 0.459583 0.327462 0.015417 0.058950
0 0.475417 0.323508 0.015417 0.058950
0 0.489792 0.322070 0.015417 0.058950
0 0.485833 0.242272 0.015417 0.058950
0 0.470000 0.245507 0.015417 0.058950
0 0.454792 0.248742 0.015417 0.058950
0 0.439792 0.250899 0.015417 0.058950
0 0.423750 0.253055 0.015417 0.058950
0 0.408333 0.254853 0.015417 0.058950
0 0.392500 0.256290 0.015417 0.058950
0 0.376458 0.259526 0.015417 0.058950
0 0.360833 0.263480 0.015417 0.058950
0 0.345417 0.265996 0.015417 0.058950
0 0.328958 0.267793 0.015417 0.058950
0 0.312917 0.269590 0.015417 0.058950
0 0.297708 0.272466 0.015417 0.058950
0 0.280625 0.276060 0.015417 0.058950
0 0.263958 0.277498 0.015417 0.058950
