0 0.669315 0.882170 0.033764 0.078554
0 0.702085 0.882170 0.033764 0.078554
0 0.730884 0.882170 0.033764 0.078554
0 0.760675 0.882170 0.033764 0.078554
0 0.790467 0.880923 0.033764 0.078554
0 0.817776 0.882170 0.024826 0.076060
0 0.843595 0.885287 0.024826 0.074813
0 0.869414 0.887157 0.028798 0.076060
0 0.784508 0.481920 0.033764 0.081047
0 0.815293 0.481920 0.033764 0.081047
0 0.836147 0.483167 0.033764 0.081047
0 0.864945 0.481920 0.033764 0.081047
0 0.890765 0.481920 0.033764 0.081047
0 0.919563 0.483167 0.033764 0.081047
0 0.949355 0.483167 0.033764 0.081047
0 0.969215 0.480673 0.033764 0.081047
0 0.624628 0.554863 0.051639 0.032419
0 0.625621 0.521197 0.051639 0.032419
0 0.568024 0.554863 0.051639 0.032419
0 0.568024 0.521197 0.051639 0.032419
0 0.570010 0.485037 0.051639 0.032419
0 0.572989 0.451372 0.051639 0.032419
0 0.626614 0.486284 0.051639 0.032419
0 0.624628 0.448878 0.051639 0.032419
0 0.637537 0.402743 0.051639 0.032419
0 0.120159 0.084788 0.031778 0.062344
0 0.149950 0.087282 0.031778 0.062344
0 0.181728 0.083541 0.031778 0.062344
0 0.211519 0.086035 0.031778 0.062344
0 0.242304 0.088529 0.031778 0.062344
0 0.269116 0.086035 0.031778 0.062344
0 0.297915 0.088529 0.031778 0.062344
0 0.327706 0.086035 0.031778 0.062344
