0 0.404062 0.171459 0.011875 0.040259
0 0.415729 0.170740 0.011875 0.040259
0 0.426771 0.168943 0.011875 0.040259
0 0.438229 0.168224 0.011875 0.040259
0 0.449896 0.166068 0.011875 0.040259
0 0.461354 0.163551 0.011875 0.040259
0 0.473438 0.162473 0.011875 0.040259
0 0.484687 0.160676 0.011875 0.040259
0 0.496563 0.159238 0.011875 0.040259
0 0.508021 0.158160 0.011875 0.040259
0 0.528854 0.156362 0.011875 0.040259
0 0.539479 0.153846 0.011875 0.040259
0 0.551146 0.152768 0.011875 0.040259
0 0.563021 0.150971 0.011875 0.040259
0 0.573229 0.149892 0.011875 0.040259
0 0.413021 0.123652 0.011875 0.040259
0 0.425104 0.122574 0.011875 0.040259
0 0.436771 0.120417 0.011875 0.040259
0 0.459479 0.117541 0.011875 0.040259
0 0.470729 0.115744 0.011875 0.040259
0 0.481979 0.115025 0.011875 0.040259
0 0.493646 0.112509 0.011875 0.040259
0 0.505104 0.112150 0.011875 0.040259
0 0.517188 0.109993 0.011875 0.040259
0 0.536979 0.106398 0.011875 0.040259
0 0.548646 0.104601 0.011875 0.040259
0 0.560104 0.102444 0.011875 0.040259
0 0.571146 0.096334 0.011875 0.040259
0 0.427812 0.309490 0.010625 0.041697
0 0.438854 0.309490 0.010625 0.041697
0 0.429688 0.355140 0.010625 0.041697
0 0.439688 0.354421 0.010625 0.041697
0 0.450104 0.352265 0.010625 0.041697
0 0.460938 0.353343 0.010625 0.041697
0 0.480729 0.350467 0.010625 0.041697
0 0.491771 0.349029 0.010625 0.041697
0 0.501563 0.347592 0.010625 0.041697
0 0.511979 0.346154 0.010625 0.041697
0 0.523854 0.344716 0.010625 0.041697
0 0.480104 0.305176 0.010625 0.041697
0 0.489896 0.302660 0.010625 0.041697
0 0.499896 0.300144 0.010625 0.041697
0 0.511354 0.299065 0.010625 0.041697
0 0.521771 0.298347 0.010625 0.041697
0 0.544896 0.294393 0.010625 0.041697
0 0.555521 0.292955 0.010625 0.041697
0 0.589271 0.289720 0.010625 0.041697
0 0.591771 0.333214 0.010625 0.041697
0 0.580729 0.335730 0.010625 0.041697
0 0.567604 0.335730 0.010625 0.041697
0 0.557604 0.338246 0.010625 0.041697
0 0.544896 0.338965 0.010625 0.041697
0 0.534062 0.342200 0.010625 0.041697
0 0.533229 0.296549 0.010625 0.041697
0 0.469271 0.308411 0.010625 0.041697
0 0.459271 0.308411 0.010625 0.041697
0 0.448854 0.309490 0.010625 0.041697
