0 0.400876 0.376374 0.015127 0.019231
0 0.404857 0.387363 0.015127 0.019231
0 0.408041 0.399725 0.015127 0.019231
0 0.411226 0.410714 0.015127 0.019231
0 0.414411 0.423077 0.015127 0.019231
0 0.415207 0.364011 0.015127 0.019231
0 0.419188 0.375000 0.015127 0.019231
0 0.421576 0.387363 0.015127 0.019231
0 0.425557 0.399725 0.015127 0.019231
0 0.428742 0.413462 0.015127 0.019231
0 0.427946 0.348901 0.015127 0.019231
0 0.431131 0.362637 0.015127 0.019231
0 0.435111 0.375000 0.015127 0.019231
0 0.439092 0.385989 0.015127 0.019231
0 0.442277 0.399725 0.015127 0.019231
0 0.442277 0.336538 0.015127 0.019231
0 0.445462 0.348901 0.015127 0.019231
0 0.449443 0.359890 0.015127 0.019231
0 0.452627 0.373626 0.015127 0.019231
0 0.456608 0.383242 0.015127 0.019231
0 0.455812 0.324176 0.015127 0.019231
0 0.466959 0.359890 0.015127 0.019231
0 0.470143 0.372253 0.015127 0.019231
