15 0.935065 0.254545 0.082251 0.046753
15 0.935065 0.295455 0.082251 0.045455
15 0.935065 0.334416 0.082251 0.045455
15 0.935065 0.375325 0.082251 0.046753
15 0.931818 0.419481 0.082251 0.046753
15 0.930736 0.464286 0.082251 0.045455
15 0.929654 0.508442 0.082251 0.045455
15 0.936147 0.649351 0.082251 0.046753
15 0.936147 0.703247 0.082251 0.045455
15 0.939394 0.744156 0.082251 0.046753
15 0.939394 0.786364 0.082251 0.048052
15 0.939394 0.829221 0.082251 0.045455
15 0.936147 0.871429 0.082251 0.046753
15 0.939394 0.908442 0.082251 0.045455
15 0.936147 0.953247 0.082251 0.046753
15 0.347403 0.806494 0.084416 0.049351
15 0.343615 0.906494 0.085498 0.049351
15 0.076299 0.782468 0.085498 0.050649
15 0.075758 0.849351 0.084416 0.049351
15 0.075758 0.903247 0.084416 0.050649
15 0.343074 0.670130 0.084416 0.049351
