0 0.309479 0.630482 0.023542 0.061107
0 0.329062 0.628325 0.023542 0.061107
0 0.347604 0.616104 0.023542 0.061107
0 0.366771 0.606398 0.023542 0.061107
0 0.404479 0.584472 0.023542 0.061107
0 0.424687 0.565061 0.023542 0.061107
0 0.443437 0.554277 0.023542 0.061107
0 0.464271 0.538102 0.023542 0.061107
0 0.548646 0.490295 0.023542 0.061107
0 0.570729 0.483106 0.023542 0.061107
0 0.590104 0.471244 0.023542 0.061107
0 0.607812 0.456866 0.023542 0.061107
0 0.487812 0.664989 0.023542 0.061107
0 0.470521 0.681165 0.023542 0.061107
0 0.448021 0.697699 0.023125 0.072610
0 0.373646 0.746226 0.023542 0.061107
