0 0.467813 0.322250 0.018542 0.078001
0 0.488646 0.324407 0.018542 0.078001
0 0.507188 0.325845 0.018542 0.078001
0 0.525104 0.324766 0.018542 0.078001
0 0.572812 0.318656 0.018542 0.078001
0 0.591146 0.316858 0.018542 0.078001
0 0.608854 0.316858 0.018542 0.078001
0 0.625938 0.317218 0.018542 0.078001
0 0.641354 0.317937 0.018542 0.078001
0 0.659687 0.317218 0.018542 0.078001
0 0.489063 0.490474 0.018542 0.078001
0 0.508854 0.490834 0.018542 0.078001
0 0.525312 0.488318 0.018542 0.078001
0 0.579271 0.483285 0.018542 0.078001
0 0.597187 0.482926 0.018542 0.078001
0 0.615729 0.483285 0.018542 0.078001
0 0.643021 0.481129 0.018542 0.078001
0 0.660104 0.481129 0.018542 0.078001
0 0.504896 0.660496 0.018542 0.078001
0 0.520938 0.659058 0.018542 0.078001
0 0.538021 0.659418 0.018542 0.078001
0 0.587396 0.652948 0.018542 0.078001
0 0.606146 0.649353 0.018542 0.078001
0 0.636146 0.651150 0.018542 0.078001
0 0.651771 0.649353 0.018542 0.078001
