0 0.446258 0.473214 0.021497 0.048077
0 0.539013 0.571429 0.019108 0.041209
0 0.526274 0.560440 0.020701 0.046703
0 0.515525 0.548764 0.021497 0.045330
0 0.503583 0.539835 0.021497 0.049451
0 0.492436 0.524038 0.021497 0.048077
0 0.480892 0.513049 0.020701 0.042582
0 0.468949 0.498626 0.020701 0.043956
0 0.458997 0.489698 0.023089 0.048077
0 0.474522 0.691621 0.020701 0.050824
0 0.462978 0.679945 0.021497 0.049451
0 0.451433 0.666209 0.023885 0.046703
0 0.433121 0.648352 0.019108 0.043956
0 0.421975 0.631181 0.022293 0.042582
0 0.409634 0.618132 0.021497 0.043956
0 0.479697 0.633929 0.024682 0.045330
0 0.466959 0.623626 0.021497 0.046703
0 0.447452 0.597527 0.022293 0.043956
0 0.439490 0.583104 0.020701 0.039835
0 0.426752 0.568681 0.020701 0.043956
