0 0.283041 0.421703 0.018312 0.043956
0 0.294188 0.414835 0.018312 0.043956
0 0.305334 0.407967 0.018312 0.043956
0 0.315685 0.399725 0.018312 0.043956
0 0.334793 0.387363 0.018312 0.043956
0 0.345143 0.381868 0.018312 0.043956
0 0.354697 0.375000 0.018312 0.043956
0 0.366640 0.369505 0.018312 0.043956
0 0.374602 0.362637 0.018312 0.043956
0 0.384952 0.355769 0.018312 0.043956
0 0.396895 0.348901 0.018312 0.043956
0 0.405653 0.342033 0.018312 0.043956
0 0.419586 0.330357 0.015924 0.039835
0 0.429140 0.326236 0.015924 0.039835
0 0.436306 0.311126 0.014331 0.039835
0 0.447452 0.305632 0.014331 0.039835
0 0.458599 0.300137 0.014331 0.039835
0 0.468949 0.293269 0.014331 0.039835
0 0.479697 0.280220 0.016720 0.043956
0 0.492436 0.274725 0.016720 0.043956
0 0.503583 0.267857 0.016720 0.043956
0 0.512341 0.263736 0.016720 0.043956
0 0.521099 0.258242 0.016720 0.043956
0 0.529857 0.251374 0.016720 0.043956
0 0.541799 0.243132 0.016720 0.043956
0 0.550557 0.236264 0.016720 0.043956
0 0.562102 0.227335 0.015924 0.042582
0 0.570860 0.221841 0.015924 0.042582
0 0.582006 0.216346 0.015924 0.042582
0 0.593153 0.209478 0.015924 0.042582
0 0.606688 0.206731 0.015924 0.042582
0 0.616242 0.199863 0.015924 0.042582
0 0.625000 0.191621 0.015924 0.042582
0 0.633758 0.186126 0.015924 0.042582
0 0.645701 0.179258 0.015924 0.042582
0 0.656051 0.175137 0.015924 0.042582
0 0.665605 0.166896 0.015924 0.042582
0 0.674363 0.161401 0.015924 0.042582
0 0.682325 0.154533 0.015924 0.042582
0 0.692675 0.149038 0.015924 0.042582
0 0.703822 0.142170 0.015924 0.042582
0 0.712580 0.138049 0.015924 0.042582
0 0.720541 0.132555 0.015924 0.042582
0 0.732484 0.125687 0.015924 0.042582
0 0.742834 0.117445 0.015924 0.042582
0 0.752389 0.111951 0.015924 0.042582
0 0.761943 0.105082 0.015924 0.042582
0 0.773089 0.098214 0.015924 0.042582
0 0.783439 0.088599 0.015924 0.042582
0 0.793790 0.083104 0.015924 0.042582
0 0.534236 0.361951 0.015924 0.039835
0 0.543790 0.356456 0.015924 0.039835
0 0.553344 0.352335 0.015924 0.039835
0 0.565287 0.345467 0.015924 0.039835
0 0.576433 0.337225 0.015924 0.039835
0 0.585987 0.331731 0.015924 0.039835
0 0.595541 0.324863 0.015924 0.039835
0 0.604299 0.320742 0.015924 0.039835
0 0.616242 0.315247 0.015924 0.039835
0 0.625000 0.311126 0.015924 0.039835
0 0.635350 0.304258 0.015924 0.039835
0 0.644108 0.297390 0.015924 0.039835
0 0.655255 0.290522 0.015924 0.039835
0 0.663217 0.286401 0.015924 0.039835
0 0.675159 0.278159 0.015924 0.039835
0 0.686306 0.268544 0.015924 0.039835
0 0.695064 0.263049 0.015924 0.039835
0 0.706210 0.254808 0.015924 0.039835
0 0.716561 0.249313 0.015924 0.039835
0 0.726115 0.241071 0.015924 0.039835
0 0.736465 0.236951 0.015924 0.039835
0 0.746815 0.231456 0.015924 0.039835
0 0.755573 0.223214 0.015924 0.039835
0 0.767516 0.217720 0.015924 0.039835
0 0.776274 0.210852 0.015924 0.039835
0 0.786624 0.203984 0.015924 0.039835
0 0.796178 0.198489 0.015924 0.039835
0 0.805732 0.194368 0.015924 0.039835
0 0.817675 0.184753 0.015924 0.039835
