0 0.813646 0.850288 0.018958 0.018332
0 0.813229 0.832315 0.018958 0.018332
0 0.811979 0.812904 0.018958 0.018332
0 0.811354 0.794213 0.018958 0.018332
0 0.810729 0.773005 0.018958 0.018332
0 0.786250 0.800144 0.020417 0.019410
0 0.784167 0.780733 0.020417 0.019410
0 0.783646 0.757908 0.022292 0.021927
0 0.806458 0.699137 0.020000 0.021567
0 0.780833 0.704889 0.020000 0.021567
0 0.778333 0.683321 0.020417 0.023005
0 0.805625 0.661754 0.020417 0.023005
0 0.777500 0.651689 0.020417 0.023005
0 0.803125 0.644500 0.020417 0.023005
0 0.775625 0.611790 0.020417 0.023005
0 0.803333 0.605679 0.020417 0.023005
0 0.802500 0.588066 0.020417 0.023005
0 0.800208 0.553199 0.020417 0.023005
0 0.798125 0.533070 0.020417 0.023005
0 0.772083 0.540259 0.020417 0.023005
0 0.772708 0.560388 0.020417 0.023005
0 0.465000 0.395040 0.011250 0.043134
0 0.543333 0.387850 0.011250 0.043134
0 0.555417 0.386413 0.011250 0.043134
0 0.566458 0.385694 0.011250 0.043134
0 0.572917 0.339324 0.011250 0.043134
0 0.563333 0.340403 0.011250 0.043134
0 0.552292 0.340403 0.011250 0.043134
0 0.508125 0.349029 0.011250 0.043134
0 0.494792 0.350827 0.011250 0.043134
0 0.484375 0.350827 0.011250 0.043134
0 0.462500 0.352983 0.011250 0.043134
0 0.451458 0.354781 0.011250 0.043134
0 0.440000 0.355859 0.011250 0.043134
0 0.429167 0.358375 0.011250 0.043134
0 0.427812 0.313983 0.011875 0.041337
0 0.439583 0.312725 0.010833 0.041697
0 0.450625 0.312006 0.010833 0.041697
0 0.460833 0.310927 0.010833 0.041697
0 0.480833 0.308411 0.010833 0.041697
0 0.492917 0.307333 0.010833 0.041697
0 0.505625 0.304457 0.010833 0.041697
0 0.517083 0.302301 0.010833 0.041697
0 0.550000 0.297628 0.010833 0.041697
0 0.560833 0.295830 0.010833 0.041697
0 0.572083 0.294393 0.010833 0.041697
0 0.417187 0.178109 0.011875 0.041337
0 0.429271 0.176312 0.011875 0.041337
0 0.440312 0.177390 0.011875 0.041337
0 0.460729 0.173436 0.011875 0.041337
0 0.471979 0.171639 0.011875 0.041337
0 0.484687 0.169842 0.011875 0.041337
0 0.506354 0.166247 0.011875 0.041337
0 0.518437 0.163731 0.011875 0.041337
0 0.529687 0.163012 0.011875 0.041337
0 0.527813 0.122035 0.011875 0.041337
0 0.515938 0.124191 0.011875 0.041337
0 0.482396 0.132099 0.011875 0.041337
0 0.470313 0.134256 0.011875 0.041337
0 0.437396 0.137850 0.011875 0.041337
0 0.426354 0.138569 0.011875 0.041337
0 0.425104 0.101186 0.011875 0.041337
0 0.437396 0.098670 0.011875 0.041337
0 0.448229 0.096154 0.011875 0.041337
0 0.469479 0.093638 0.011875 0.041337
0 0.480104 0.092200 0.011875 0.041337
0 0.492812 0.091121 0.011875 0.041337
0 0.514062 0.085730 0.011875 0.041337
0 0.525729 0.083214 0.011875 0.041337
0 0.537396 0.081057 0.011875 0.041337
0 0.536146 0.224119 0.011875 0.041337
