0 0.367604 0.493889 0.014375 0.066139
0 0.382396 0.491733 0.014375 0.066139
0 0.395937 0.488857 0.014375 0.066139
0 0.409271 0.487779 0.014375 0.066139
0 0.422812 0.486341 0.014375 0.066139
0 0.437188 0.482746 0.015208 0.065421
0 0.451146 0.479871 0.014375 0.066139
0 0.466667 0.477714 0.015833 0.066139
0 0.482396 0.475377 0.015625 0.065780
0 0.498542 0.474119 0.015833 0.064702
0 0.513958 0.469087 0.016250 0.066139
0 0.529375 0.466930 0.016250 0.066139
0 0.545000 0.462617 0.016250 0.066139
0 0.559792 0.461538 0.016250 0.066139
0 0.576042 0.459741 0.016250 0.066139
0 0.369479 0.562006 0.016458 0.068656
0 0.385208 0.559490 0.016250 0.067937
0 0.399583 0.556973 0.016250 0.067937
0 0.412292 0.554098 0.016250 0.067937
0 0.425833 0.550144 0.016250 0.067937
0 0.438958 0.546549 0.016250 0.067937
0 0.453542 0.542955 0.016250 0.067937
0 0.468958 0.541876 0.016250 0.067937
0 0.484583 0.538641 0.016250 0.067937
0 0.500208 0.538282 0.016250 0.067937
0 0.516875 0.535406 0.016250 0.067937
0 0.533125 0.531452 0.016250 0.067937
0 0.548125 0.528577 0.016250 0.067937
0 0.563333 0.526060 0.016250 0.067937
0 0.579375 0.526779 0.016250 0.067937
0 0.332708 0.302301 0.017083 0.073329
0 0.348542 0.302301 0.017083 0.073329
0 0.364792 0.299784 0.017083 0.073329
0 0.380833 0.296909 0.017083 0.073329
0 0.396875 0.295111 0.017083 0.073329
0 0.413125 0.294033 0.017083 0.073329
0 0.429167 0.290798 0.017083 0.073329
0 0.445208 0.287563 0.017083 0.073329
0 0.461042 0.286844 0.017083 0.073329
0 0.477500 0.284687 0.017083 0.073329
0 0.501875 0.278936 0.017083 0.073329
0 0.519583 0.276779 0.017083 0.073329
0 0.535417 0.272825 0.017083 0.073329
0 0.551875 0.270669 0.017083 0.073329
0 0.568958 0.268512 0.017083 0.073329
0 0.585208 0.266715 0.017083 0.073329
0 0.583021 0.181704 0.018958 0.062904
0 0.565521 0.181704 0.018958 0.062904
0 0.548438 0.184939 0.018958 0.062904
0 0.531563 0.186736 0.018958 0.062904
0 0.515104 0.187096 0.018958 0.062904
0 0.498229 0.191050 0.018958 0.062904
0 0.482187 0.192128 0.018958 0.062904
0 0.442604 0.203630 0.018958 0.062904
0 0.427187 0.203630 0.018958 0.062904
0 0.410313 0.208303 0.018958 0.062904
0 0.394271 0.209022 0.018958 0.062904
0 0.378437 0.211898 0.018958 0.062904
0 0.362604 0.212257 0.018958 0.062904
0 0.345104 0.214414 0.018958 0.062904
