0 0.428542 0.941229 0.030417 0.025521
0 0.432917 0.884076 0.030417 0.025521
0 0.433125 0.861071 0.030417 0.025521
0 0.433542 0.839145 0.030417 0.025521
0 0.435417 0.816139 0.030417 0.025521
0 0.436875 0.793494 0.030417 0.025521
0 0.438542 0.771387 0.027917 0.025162
0 0.440104 0.747304 0.028542 0.025881
0 0.441146 0.726815 0.028542 0.025881
0 0.444583 0.705428 0.032500 0.024083
0 0.446354 0.684220 0.028958 0.024083
0 0.446146 0.663372 0.028958 0.024083
0 0.448437 0.641445 0.028958 0.024083
0 0.450937 0.619878 0.028958 0.024083
0 0.451771 0.599389 0.028958 0.024083
0 0.453021 0.578181 0.028958 0.024083
0 0.455729 0.556973 0.028958 0.024083
0 0.457396 0.535406 0.028958 0.024083
0 0.459062 0.513839 0.028958 0.024083
0 0.460208 0.487239 0.029167 0.026959
0 0.465000 0.463515 0.029167 0.026959
0 0.467708 0.437994 0.029167 0.026959
0 0.471667 0.414270 0.029167 0.026959
0 0.471875 0.388390 0.029167 0.026959
0 0.472708 0.369339 0.029167 0.026959
0 0.473958 0.345974 0.029167 0.026959
0 0.482917 0.215852 0.029167 0.026959
0 0.483958 0.193925 0.029167 0.026959
0 0.486667 0.175234 0.029167 0.026959
0 0.488125 0.153666 0.029167 0.026959
0 0.490833 0.101186 0.029167 0.026959
