0 0.364793 0.512570 0.040297 0.125698
0 0.398727 0.511173 0.040297 0.125698
0 0.436903 0.513966 0.040297 0.125698
0 0.472959 0.512570 0.040297 0.125698
0 0.509014 0.511173 0.040297 0.125698
0 0.577943 0.515363 0.040297 0.125698
0 0.541888 0.512570 0.040297 0.125698
0 0.616119 0.515363 0.040297 0.125698
0 0.650053 0.511173 0.040297 0.125698
0 0.717922 0.520950 0.040297 0.125698
0 0.757158 0.519553 0.040297 0.125698
0 0.791092 0.520950 0.040297 0.125698
0 0.789502 0.798184 0.039236 0.129888
0 0.752386 0.799581 0.039236 0.129888
0 0.717391 0.802374 0.039236 0.129888
0 0.681336 0.800978 0.039236 0.129888
0 0.577413 0.791201 0.039236 0.129888
0 0.504242 0.796788 0.039236 0.129888
0 0.327147 0.796788 0.039236 0.129888
