0 0.343551 0.798077 0.016720 0.063187
0 0.358678 0.791209 0.019904 0.068681
0 0.376592 0.779533 0.017516 0.070055
0 0.388137 0.774725 0.016720 0.060440
0 0.402468 0.770604 0.018312 0.057692
0 0.415605 0.762363 0.020701 0.057692
0 0.427548 0.753434 0.017516 0.050824
0 0.439490 0.745192 0.020701 0.050824
0 0.561306 0.661401 0.023885 0.050824
0 0.548567 0.673764 0.020701 0.056319
0 0.540605 0.684753 0.022293 0.056319
0 0.525876 0.699863 0.019904 0.059066
0 0.511943 0.708791 0.019108 0.057692
0 0.390127 0.710165 0.017516 0.065934
0 0.403662 0.704670 0.015924 0.063187
0 0.417994 0.699863 0.015924 0.067308
0 0.429538 0.692995 0.016720 0.059066
0 0.441879 0.688874 0.015924 0.061813
0 0.453424 0.682005 0.018312 0.059066
0 0.468153 0.675137 0.019108 0.050824
0 0.317675 0.644231 0.019108 0.046703
0 0.337182 0.637363 0.019904 0.049451
0 0.350318 0.627060 0.019108 0.048077
0 0.384554 0.605082 0.017516 0.045330
0 0.397691 0.597527 0.018312 0.046703
0 0.412818 0.594093 0.015127 0.048077
0 0.424761 0.587225 0.019904 0.053571
0 0.437500 0.580357 0.019904 0.050824
0 0.449443 0.567995 0.019904 0.056319
0 0.462580 0.565247 0.017516 0.056319
0 0.299363 0.478022 0.020701 0.060440
0 0.287420 0.482830 0.020701 0.061813
0 0.271497 0.492445 0.020701 0.059066
