0 0.345745 0.438881 0.059574 0.041237
0 0.564362 0.530191 0.060638 0.044183
0 0.564894 0.575847 0.059574 0.041237
0 0.564894 0.618557 0.059574 0.041237
0 0.563830 0.662739 0.059574 0.041237
0 0.503191 0.575847 0.059574 0.041237
0 0.503191 0.618557 0.059574 0.041237
0 0.505319 0.661267 0.059574 0.041237
0 0.450000 0.617084 0.059574 0.041237
0 0.448936 0.659794 0.059574 0.041237
0 0.396809 0.656848 0.059574 0.041237
0 0.507979 0.354934 0.060638 0.044183
0 0.403723 0.396171 0.060638 0.044183
0 0.455851 0.397644 0.060638 0.044183
0 0.513298 0.399116 0.060638 0.044183
0 0.455851 0.441826 0.060638 0.044183
0 0.404787 0.443299 0.060638 0.044183
0 0.515426 0.483063 0.060638 0.044183
0 0.459043 0.484536 0.060638 0.044183
0 0.403723 0.484536 0.060638 0.044183
0 0.634574 0.438881 0.060638 0.044183
0 0.634574 0.487482 0.060638 0.044183
0 0.633511 0.534610 0.060638 0.044183
0 0.633511 0.574374 0.060638 0.044183
0 0.633511 0.621502 0.060638 0.044183
0 0.450532 0.354934 0.060638 0.044183
