0 0.294364 0.449040 0.026657 0.132939
0 0.316451 0.454948 0.026657 0.132939
0 0.515994 0.692762 0.026657 0.132939
0 0.539604 0.692762 0.026657 0.132939
0 0.564737 0.694239 0.026657 0.132939
0 0.590632 0.695716 0.026657 0.132939
0 0.613481 0.694239 0.026657 0.132939
0 0.343107 0.451994 0.026657 0.132939
0 0.368241 0.457903 0.026657 0.132939
0 0.638614 0.689808 0.026657 0.132939
0 0.417746 0.456425 0.026657 0.132939
0 0.445925 0.456425 0.026657 0.132939
0 0.468012 0.459380 0.026657 0.132939
0 0.492384 0.456425 0.026657 0.132939
0 0.516756 0.456425 0.026657 0.132939
0 0.539604 0.459380 0.026657 0.132939
0 0.567022 0.457903 0.026657 0.132939
0 0.589109 0.454948 0.026657 0.132939
0 0.613481 0.460857 0.026657 0.132939
0 0.639375 0.454948 0.026657 0.132939
0 0.416984 0.685377 0.026657 0.132939
0 0.440594 0.685377 0.026657 0.132939
0 0.464966 0.689808 0.026657 0.132939
0 0.489337 0.689808 0.026657 0.132939
0 0.364813 0.692762 0.059406 0.124077
0 0.317212 0.682422 0.026657 0.132939
0 0.294364 0.685377 0.026657 0.132939
0 0.268469 0.683900 0.026657 0.132939
