0 0.420417 0.959561 0.021667 0.025521
0 0.425417 0.903127 0.021667 0.025521
0 0.426667 0.879403 0.021667 0.025521
0 0.428542 0.856758 0.021667 0.025521
0 0.430417 0.834112 0.021667 0.025521
0 0.431667 0.812185 0.021667 0.025521
0 0.432500 0.788821 0.021667 0.025521
0 0.433125 0.765097 0.021667 0.025521
0 0.435208 0.744249 0.021667 0.025521
0 0.436667 0.723760 0.021667 0.025521
0 0.439375 0.679547 0.021667 0.025521
0 0.441875 0.657261 0.021667 0.025521
0 0.447083 0.595075 0.021667 0.025521
0 0.449583 0.574946 0.021667 0.025521
0 0.450833 0.553738 0.021667 0.025521
0 0.458958 0.507728 0.021667 0.025521
0 0.457500 0.482566 0.021667 0.025521
0 0.461875 0.456326 0.021667 0.025521
0 0.465000 0.432602 0.021667 0.025521
0 0.466667 0.407800 0.021667 0.025521
0 0.467083 0.385873 0.021667 0.025521
0 0.467917 0.364306 0.021667 0.025521
0 0.530000 0.354242 0.021667 0.025521
0 0.530833 0.330877 0.021667 0.025521
0 0.531250 0.308950 0.021667 0.025521
0 0.532500 0.287383 0.021667 0.025521
0 0.533750 0.265097 0.021667 0.025521
0 0.536042 0.241014 0.021667 0.025521
0 0.538333 0.217290 0.021667 0.025521
0 0.478333 0.219087 0.021667 0.025521
0 0.481250 0.172358 0.021667 0.025521
