0 0.435104 0.354781 0.022292 0.021567
0 0.435312 0.375988 0.022292 0.021567
0 0.434479 0.395758 0.022292 0.021567
0 0.430937 0.411934 0.022292 0.021567
0 0.429896 0.430266 0.022292 0.021567
0 0.428021 0.446441 0.022292 0.021567
0 0.426563 0.464774 0.022292 0.021567
0 0.425521 0.482387 0.022292 0.021567
0 0.423854 0.500000 0.022292 0.021567
0 0.421146 0.517973 0.022292 0.021567
0 0.419687 0.537024 0.022292 0.021567
0 0.418438 0.552480 0.022292 0.021567
0 0.416563 0.571891 0.022292 0.021567
0 0.415312 0.590582 0.022292 0.021567
0 0.412813 0.607836 0.022292 0.021567
0 0.411562 0.625090 0.022292 0.021567
0 0.409687 0.641984 0.022292 0.021567
0 0.408646 0.661395 0.022292 0.021567
0 0.406562 0.680086 0.022292 0.021567
0 0.405729 0.698418 0.022292 0.021567
0 0.404062 0.716391 0.022292 0.021567
0 0.402813 0.735083 0.022292 0.021567
0 0.400104 0.754134 0.022292 0.021567
0 0.398646 0.774263 0.022292 0.021567
0 0.397813 0.794033 0.022292 0.021567
0 0.396146 0.813084 0.022292 0.021567
0 0.395104 0.833932 0.022292 0.021567
0 0.393854 0.854781 0.022292 0.021567
0 0.392396 0.872753 0.022292 0.021567
0 0.390729 0.893602 0.022292 0.021567
0 0.041771 0.649892 0.022292 0.021567
0 0.044271 0.628684 0.022292 0.021567
0 0.047188 0.606039 0.022292 0.021567
0 0.049271 0.585550 0.022292 0.021567
0 0.341562 0.280374 0.022292 0.021567
0 0.340521 0.303379 0.022292 0.021567
0 0.339062 0.318476 0.022292 0.021567
0 0.336771 0.336089 0.022292 0.021567
0 0.334896 0.354781 0.022292 0.021567
0 0.331979 0.390367 0.022292 0.021567
0 0.329896 0.408699 0.022292 0.021567
0 0.327813 0.426671 0.022292 0.021567
0 0.326979 0.445723 0.022292 0.021567
0 0.325937 0.465133 0.022292 0.021567
0 0.323854 0.480590 0.022292 0.021567
0 0.321979 0.498203 0.022292 0.021567
0 0.319896 0.523724 0.022292 0.021567
0 0.318854 0.539180 0.022292 0.021567
0 0.316354 0.558950 0.022292 0.021567
0 0.314896 0.576923 0.022292 0.021567
0 0.313854 0.592739 0.022292 0.021567
0 0.312396 0.611431 0.022292 0.021567
0 0.310521 0.627965 0.022292 0.021567
0 0.308854 0.647376 0.022292 0.021567
0 0.307812 0.665708 0.022292 0.021567
