0 0.217708 0.338785 0.025833 0.090223
0 0.239792 0.344177 0.025833 0.090223
0 0.263542 0.347412 0.025833 0.090223
0 0.285833 0.353523 0.025833 0.090223
0 0.333958 0.370776 0.025833 0.090223
0 0.355833 0.376528 0.025833 0.090223
0 0.378333 0.380841 0.025833 0.090223
0 0.402083 0.389468 0.025833 0.090223
0 0.214375 0.414091 0.022500 0.066139
0 0.237708 0.420920 0.022500 0.066139
0 0.258750 0.425234 0.022500 0.066139
0 0.281250 0.431344 0.022500 0.066139
0 0.328125 0.445004 0.022500 0.066139
0 0.351250 0.452552 0.022500 0.066139
0 0.374375 0.458303 0.022500 0.066139
0 0.396250 0.464414 0.022500 0.066139
