0 0.577118 0.442647 0.067004 0.038235
0 0.632743 0.552941 0.067004 0.038235
0 0.583439 0.592647 0.067004 0.038235
0 0.866625 0.557353 0.067004 0.038235
0 0.865360 0.591176 0.067004 0.038235
0 0.866625 0.627941 0.067004 0.038235
0 0.866625 0.667647 0.067004 0.038235
0 0.795828 0.591176 0.067004 0.038235
0 0.799621 0.630882 0.067004 0.038235
0 0.799621 0.664706 0.067004 0.038235
0 0.735145 0.627941 0.067004 0.038235
0 0.683312 0.660294 0.067004 0.038235
0 0.689633 0.701471 0.067004 0.038235
0 0.627686 0.700000 0.067004 0.038235
0 0.687105 0.486765 0.067004 0.038235
0 0.685841 0.445588 0.067004 0.038235
0 0.740202 0.488235 0.067004 0.038235
0 0.740202 0.445588 0.067004 0.038235
0 0.788243 0.450000 0.067004 0.038235
0 0.804678 0.516176 0.067004 0.038235
0 0.867889 0.516176 0.067004 0.038235
0 0.736410 0.552941 0.067004 0.038235
0 0.580910 0.486765 0.067004 0.038235
0 0.636536 0.486765 0.067004 0.038235
0 0.636536 0.442647 0.067004 0.038235
