0 0.319271 0.393781 0.011875 0.044932
0 0.331146 0.391984 0.011875 0.044932
0 0.343125 0.389648 0.012500 0.044572
0 0.357187 0.388390 0.011875 0.044932
0 0.370312 0.385514 0.011875 0.044932
0 0.382604 0.384795 0.011875 0.044932
0 0.395104 0.384076 0.011875 0.044932
0 0.407813 0.382279 0.011875 0.044932
0 0.420312 0.380122 0.011875 0.044932
0 0.431771 0.378684 0.011875 0.044932
0 0.443854 0.377606 0.011875 0.044932
0 0.456354 0.375090 0.011875 0.044932
0 0.468021 0.372574 0.011875 0.044932
0 0.479896 0.369698 0.011875 0.044932
0 0.491771 0.368260 0.011875 0.044932
0 0.505104 0.366104 0.011875 0.044932
0 0.328333 0.336089 0.012500 0.044572
0 0.340833 0.335370 0.012500 0.044572
0 0.355000 0.331416 0.012500 0.044572
0 0.367500 0.328541 0.012500 0.044572
0 0.380208 0.328541 0.012500 0.044572
0 0.393125 0.326024 0.012500 0.044572
0 0.405000 0.323508 0.012500 0.044572
0 0.415625 0.322789 0.012500 0.044572
0 0.428750 0.321352 0.012500 0.044572
0 0.441250 0.319554 0.012500 0.044572
0 0.453750 0.317398 0.012500 0.044572
0 0.465833 0.317398 0.012500 0.044572
0 0.478542 0.316319 0.012500 0.044572
0 0.489375 0.315600 0.012500 0.044572
0 0.500417 0.312006 0.012500 0.044572
0 0.325937 0.588965 0.011875 0.044932
0 0.363021 0.588965 0.011875 0.044932
0 0.374896 0.587168 0.011875 0.044932
0 0.385937 0.586089 0.011875 0.044932
0 0.397604 0.585730 0.011875 0.044932
0 0.423021 0.580697 0.011875 0.044932
0 0.435312 0.578900 0.011875 0.044932
0 0.446771 0.577103 0.011875 0.044932
0 0.459062 0.575306 0.011875 0.044932
0 0.485312 0.572789 0.011875 0.044932
0 0.497188 0.570992 0.011875 0.044932
0 0.508437 0.568835 0.011875 0.044932
0 0.565521 0.623472 0.011458 0.039899
0 0.577604 0.622035 0.011458 0.039899
0 0.568021 0.662293 0.011458 0.039899
0 0.579063 0.660137 0.011458 0.039899
0 0.361563 0.538641 0.011875 0.044932
0 0.373437 0.536125 0.011875 0.044932
0 0.385313 0.537563 0.011875 0.044932
0 0.396354 0.533609 0.011875 0.044932
0 0.408854 0.533968 0.011875 0.044932
0 0.420521 0.530733 0.011875 0.044932
0 0.431563 0.530014 0.011875 0.044932
0 0.443854 0.529655 0.011875 0.044932
0 0.456354 0.527139 0.011875 0.044932
0 0.468438 0.524623 0.011875 0.044932
0 0.481354 0.521747 0.011875 0.044932
0 0.494271 0.519950 0.011875 0.044932
0 0.505938 0.517074 0.011875 0.044932
0 0.517813 0.515636 0.011875 0.044932
0 0.726562 0.775881 0.026458 0.021927
0 0.727187 0.797448 0.026458 0.021927
0 0.730104 0.817937 0.026458 0.021927
0 0.730521 0.836988 0.026458 0.021927
0 0.729896 0.853882 0.026458 0.021927
0 0.755938 0.794213 0.024375 0.022646
0 0.756563 0.813983 0.024375 0.022646
0 0.757812 0.832495 0.024792 0.021567
0 0.759062 0.850647 0.024375 0.022646
0 0.761979 0.906362 0.024375 0.022646
0 0.763646 0.926492 0.024375 0.022646
0 0.764271 0.949497 0.024375 0.022646
0 0.765729 0.985802 0.024375 0.022646
0 0.735104 0.908160 0.024375 0.022646
0 0.737604 0.933321 0.024375 0.022646
0 0.738229 0.952013 0.024375 0.022646
0 0.739688 0.972502 0.024375 0.022646
