0 0.425202 0.280405 0.033693 0.041892
0 0.419811 0.560135 0.033693 0.041892
0 0.420485 0.527703 0.033693 0.041892
0 0.420485 0.491216 0.033693 0.041892
0 0.421159 0.452027 0.033693 0.041892
0 0.422507 0.411486 0.033693 0.041892
0 0.422507 0.365541 0.033693 0.041892
0 0.423854 0.323649 0.033693 0.041892
0 0.643531 0.452703 0.048518 0.048649
0 0.641509 0.491892 0.048518 0.048649
0 0.640162 0.529730 0.048518 0.048649
0 0.638814 0.570270 0.048518 0.048649
0 0.638814 0.606757 0.048518 0.048649
0 0.639488 0.647297 0.048518 0.048649
0 0.638814 0.685135 0.048518 0.048649
0 0.640162 0.722973 0.048518 0.048649
