0 0.396250 0.927570 0.023333 0.020489
0 0.398542 0.889109 0.023333 0.020489
0 0.401458 0.868260 0.023333 0.020489
0 0.403333 0.847052 0.023333 0.020489
0 0.404583 0.827642 0.023333 0.020489
0 0.406667 0.808591 0.023333 0.020489
0 0.408333 0.788102 0.023333 0.020489
0 0.408958 0.768332 0.023333 0.020489
0 0.410208 0.748562 0.023333 0.020489
0 0.411667 0.730230 0.023333 0.020489
0 0.414583 0.710460 0.023333 0.020489
0 0.416250 0.691769 0.023333 0.020489
0 0.417083 0.673796 0.023333 0.020489
0 0.418333 0.655823 0.023333 0.020489
0 0.419792 0.638210 0.023333 0.020489
0 0.421458 0.620237 0.023333 0.020489
0 0.423125 0.601546 0.023333 0.020489
0 0.424583 0.584651 0.023333 0.020489
0 0.425833 0.567038 0.023333 0.020489
0 0.427292 0.549425 0.023333 0.020489
0 0.429792 0.532531 0.023333 0.020489
0 0.430625 0.512401 0.023333 0.020489
0 0.432083 0.496226 0.023333 0.020489
0 0.432917 0.477894 0.023333 0.020489
0 0.434167 0.460640 0.023333 0.020489
0 0.435625 0.443386 0.023333 0.020489
0 0.437083 0.425773 0.023333 0.020489
0 0.439167 0.407800 0.023333 0.020489
0 0.440000 0.390906 0.023333 0.020489
0 0.441250 0.372214 0.023333 0.020489
0 0.442083 0.353882 0.023333 0.020489
0 0.444583 0.331955 0.023333 0.020489
0 0.447292 0.312185 0.023333 0.020489
