0 0.292379 0.397470 0.029202 0.091877
0 0.322293 0.397470 0.029202 0.091877
0 0.456197 0.401465 0.029202 0.091877
0 0.501068 0.405459 0.029202 0.091877
0 0.553775 0.404128 0.029202 0.091877
0 0.620014 0.410786 0.029202 0.091877
0 0.683405 0.414780 0.029202 0.091877
0 0.719017 0.231025 0.029202 0.091877
0 0.654202 0.231025 0.029202 0.091877
0 0.622863 0.228362 0.029202 0.091877
0 0.585826 0.301598 0.029202 0.091877
0 0.553775 0.225699 0.029202 0.091877
0 0.521724 0.221704 0.029202 0.091877
0 0.491809 0.220373 0.029202 0.091877
0 0.456909 0.223036 0.029202 0.091877
0 0.424145 0.224368 0.029202 0.091877
0 0.391382 0.221704 0.029202 0.091877
0 0.357194 0.217710 0.029202 0.091877
0 0.326567 0.220373 0.029202 0.091877
0 0.292379 0.217710 0.029202 0.091877
