0 0.343542 0.526600 0.016667 0.066139
0 0.367917 0.521567 0.016667 0.066139
0 0.382292 0.519410 0.017917 0.069015
0 0.397500 0.515097 0.017917 0.069015
0 0.411667 0.514738 0.015833 0.069015
0 0.426250 0.510784 0.015833 0.069015
0 0.439792 0.508986 0.015833 0.069015
0 0.453750 0.506830 0.015833 0.069015
0 0.468750 0.503595 0.015833 0.069015
0 0.483750 0.502516 0.015833 0.069015
0 0.498750 0.498203 0.015833 0.069015
0 0.516667 0.492092 0.015833 0.069015
0 0.531875 0.491373 0.015833 0.069015
0 0.546250 0.488138 0.015833 0.069015
0 0.561667 0.487779 0.015833 0.069015
0 0.578542 0.482387 0.015833 0.069015
0 0.574896 0.417505 0.016042 0.062185
0 0.558021 0.418943 0.016042 0.062185
0 0.543021 0.420022 0.016042 0.062185
0 0.528438 0.422538 0.016042 0.062185
0 0.512604 0.423976 0.016042 0.062185
0 0.496563 0.427930 0.016042 0.062185
0 0.480729 0.430805 0.016042 0.062185
0 0.465104 0.432243 0.016042 0.062185
0 0.450104 0.434400 0.016042 0.062185
0 0.435104 0.438354 0.016042 0.062185
0 0.421771 0.441229 0.016042 0.062185
0 0.407396 0.443027 0.016042 0.062185
0 0.391979 0.445183 0.016042 0.062185
0 0.377396 0.448059 0.016042 0.062185
0 0.362812 0.451653 0.016042 0.062185
0 0.330833 0.262940 0.016250 0.066499
0 0.346875 0.257549 0.016250 0.066499
0 0.362708 0.253954 0.016250 0.066499
0 0.378333 0.253235 0.016250 0.066499
0 0.395833 0.251078 0.016250 0.066499
0 0.412083 0.249641 0.016250 0.066499
0 0.426875 0.246046 0.016250 0.066499
0 0.443333 0.244249 0.016250 0.066499
0 0.458958 0.241733 0.016250 0.066499
0 0.478125 0.239935 0.016250 0.066499
0 0.500000 0.235622 0.016250 0.066499
0 0.518333 0.235981 0.016250 0.066499
0 0.533125 0.231668 0.016250 0.066499
0 0.550000 0.228792 0.016250 0.066499
0 0.567500 0.226995 0.016250 0.066499
0 0.583750 0.224479 0.016250 0.066499
0 0.343542 0.174515 0.016250 0.066499
0 0.360625 0.172717 0.016250 0.066499
0 0.375833 0.172358 0.016250 0.066499
0 0.391875 0.170201 0.016250 0.066499
0 0.408958 0.168763 0.016250 0.066499
0 0.425208 0.164091 0.016250 0.066499
0 0.440625 0.165169 0.016250 0.066499
0 0.456458 0.159777 0.016250 0.066499
0 0.480000 0.150431 0.016250 0.066499
0 0.497083 0.148634 0.016250 0.066499
0 0.513958 0.147915 0.016250 0.066499
0 0.530833 0.143602 0.016250 0.066499
0 0.546250 0.142883 0.016250 0.066499
0 0.563750 0.142523 0.016250 0.066499
0 0.581458 0.139648 0.016250 0.066499
