0 0.923547 0.508667 0.073394 0.049333
0 0.923547 0.648667 0.073394 0.049333
0 0.922528 0.688667 0.073394 0.049333
0 0.922528 0.734000 0.073394 0.049333
0 0.922528 0.775333 0.073394 0.049333
0 0.922528 0.819333 0.073394 0.049333
0 0.924567 0.910000 0.073394 0.049333
0 0.364934 0.566000 0.065240 0.044000
0 0.371050 0.752667 0.065240 0.044000
0 0.369011 0.703333 0.065240 0.044000
0 0.365953 0.658000 0.065240 0.044000
0 0.363914 0.612667 0.065240 0.044000
0 0.361876 0.858000 0.065240 0.044000
0 0.367992 0.943333 0.065240 0.044000
0 0.119776 0.724667 0.049949 0.046667
0 0.120285 0.685333 0.055046 0.045333
0 0.119266 0.762667 0.055046 0.045333
0 0.118247 0.800000 0.055046 0.045333
0 0.117227 0.850667 0.055046 0.045333
0 0.118247 0.892000 0.055046 0.045333
0 0.117227 0.934667 0.055046 0.045333
