0 0.484896 0.931524 0.029792 0.026959
0 0.491146 0.809669 0.029792 0.026959
0 0.494896 0.781632 0.029792 0.026959
0 0.498021 0.737419 0.029792 0.026959
0 0.499479 0.715852 0.029792 0.026959
0 0.503125 0.651150 0.027917 0.026959
0 0.502708 0.650431 0.027917 0.026959
0 0.503750 0.631021 0.027917 0.026959
0 0.507083 0.609454 0.027917 0.026959
0 0.508333 0.587886 0.027917 0.026959
0 0.508333 0.566139 0.025417 0.027318
0 0.509792 0.544572 0.025417 0.027318
0 0.511458 0.524802 0.025417 0.027318
0 0.513333 0.505032 0.025417 0.027318
0 0.514583 0.478433 0.025417 0.027318
0 0.518542 0.452552 0.025417 0.027318
0 0.523125 0.427750 0.025417 0.027318
0 0.528750 0.378145 0.025417 0.027318
0 0.528333 0.356937 0.025417 0.027318
0 0.529167 0.336089 0.025417 0.027318
0 0.546458 0.090582 0.025417 0.027318
0 0.556250 0.120776 0.017500 0.039540
