0 0.342604 0.235981 0.021875 0.024083
0 0.343438 0.255392 0.021875 0.024083
0 0.344062 0.274083 0.021875 0.024083
0 0.346979 0.341661 0.021875 0.024083
0 0.347604 0.362868 0.021875 0.024083
0 0.347604 0.383357 0.021875 0.024083
0 0.348021 0.401330 0.021875 0.024083
0 0.348646 0.420381 0.021875 0.024083
0 0.348854 0.439792 0.021875 0.024083
0 0.349062 0.459561 0.021875 0.024083
0 0.350313 0.478972 0.021875 0.024083
0 0.350521 0.497304 0.021875 0.024083
0 0.351146 0.516355 0.021875 0.024083
0 0.350729 0.616643 0.021875 0.024083
0 0.350521 0.640726 0.021875 0.024083
0 0.349896 0.665888 0.021875 0.024083
0 0.350729 0.688533 0.021875 0.024083
0 0.351771 0.709382 0.021875 0.024083
0 0.351771 0.779835 0.021875 0.024083
0 0.351354 0.801402 0.021875 0.024083
0 0.351562 0.826204 0.021875 0.024083
0 0.351771 0.878325 0.021875 0.024083
0 0.352187 0.899173 0.021875 0.024083
0 0.352812 0.917146 0.021875 0.024083
0 0.354063 0.935838 0.021875 0.024083
0 0.355104 0.955248 0.021875 0.024083
0 0.353021 0.972502 0.021875 0.024083
0 0.352500 0.990834 0.020417 0.018332
