0 0.352401 0.190099 0.066384 0.106931
0 0.246469 0.192079 0.043785 0.114851
0 0.295904 0.186139 0.043785 0.114851
0 0.401836 0.188119 0.043785 0.114851
0 0.475282 0.188119 0.043785 0.114851
0 0.519068 0.140594 0.043785 0.114851
0 0.552966 0.196040 0.043785 0.114851
0 0.599576 0.196040 0.043785 0.114851
0 0.651836 0.198020 0.043785 0.114851
0 0.749294 0.112871 0.043785 0.114851
0 0.798729 0.201980 0.043785 0.114851
0 0.699859 0.194059 0.043785 0.114851
0 0.746469 0.390099 0.043785 0.114851
0 0.797316 0.394059 0.043785 0.114851
