0 0.391562 0.926851 0.023125 0.022646
0 0.393854 0.888390 0.023125 0.022646
0 0.395104 0.867901 0.023125 0.022646
0 0.398021 0.848490 0.023125 0.022646
0 0.398854 0.828361 0.023125 0.022646
0 0.400729 0.808950 0.023125 0.022646
0 0.402396 0.788102 0.023125 0.022646
0 0.402604 0.768692 0.023125 0.022646
0 0.403646 0.749281 0.023125 0.022646
0 0.406146 0.730230 0.023125 0.022646
0 0.407187 0.711538 0.023125 0.022646
0 0.408021 0.691769 0.023125 0.022646
0 0.409687 0.675593 0.023125 0.022646
0 0.411979 0.657620 0.023125 0.022646
0 0.413229 0.638929 0.023125 0.022646
0 0.415104 0.620956 0.023125 0.022646
0 0.416354 0.603343 0.023125 0.022646
0 0.418854 0.585730 0.023125 0.022646
0 0.421979 0.567398 0.023125 0.022646
0 0.422812 0.549784 0.023125 0.022646
0 0.424479 0.531812 0.023125 0.022646
0 0.425938 0.512761 0.023125 0.022646
0 0.427604 0.495507 0.023125 0.022646
0 0.429271 0.477534 0.023125 0.022646
0 0.430312 0.460640 0.023125 0.022646
0 0.430937 0.443027 0.023125 0.022646
0 0.431563 0.426132 0.023125 0.022646
0 0.433646 0.407441 0.023125 0.022646
0 0.434688 0.388030 0.023125 0.022646
0 0.435312 0.369698 0.023125 0.022646
0 0.436354 0.351006 0.023125 0.022646
0 0.294792 0.879763 0.021250 0.023364
0 0.295312 0.856578 0.021458 0.025881
0 0.296875 0.836449 0.021250 0.023005
0 0.297708 0.818116 0.021250 0.023005
0 0.300000 0.801582 0.021250 0.023005
0 0.301458 0.783968 0.021250 0.023005
0 0.302917 0.766715 0.021250 0.023005
0 0.304792 0.748382 0.021250 0.023005
0 0.306250 0.731129 0.021250 0.023005
0 0.311042 0.662832 0.021250 0.023005
0 0.312917 0.644141 0.021250 0.023005
0 0.313750 0.625090 0.021250 0.023005
0 0.315833 0.608555 0.021250 0.023005
0 0.316458 0.590942 0.021250 0.023005
0 0.317708 0.575126 0.021250 0.023005
0 0.319167 0.557513 0.021250 0.023005
0 0.321042 0.540259 0.021250 0.023005
0 0.325833 0.477714 0.021250 0.023005
0 0.327083 0.459741 0.021250 0.023005
0 0.328542 0.445363 0.021250 0.023005
0 0.329792 0.431344 0.021250 0.023005
0 0.330625 0.417685 0.021250 0.023005
0 0.332500 0.400791 0.021250 0.023005
0 0.333750 0.383537 0.021250 0.023005
0 0.335625 0.367362 0.021250 0.023005
0 0.336458 0.351905 0.021250 0.023005
0 0.338750 0.333214 0.021250 0.023005
0 0.340417 0.315241 0.021250 0.023005
0 0.341458 0.298706 0.021250 0.023005
0 0.343333 0.276060 0.021250 0.023005
