0 0.411042 0.366822 0.010833 0.038462
0 0.428854 0.365205 0.011458 0.043853
0 0.439063 0.364127 0.011458 0.043853
0 0.449062 0.362329 0.011458 0.043853
0 0.460729 0.361970 0.011458 0.043853
0 0.470729 0.360532 0.011458 0.043853
0 0.481146 0.358016 0.011458 0.043853
0 0.490729 0.357297 0.011458 0.043853
0 0.500938 0.356219 0.011458 0.043853
0 0.511354 0.354781 0.011458 0.043853
0 0.521771 0.352265 0.011458 0.043853
0 0.533854 0.348311 0.011458 0.043853
0 0.545521 0.346513 0.011458 0.043853
0 0.556771 0.343997 0.011458 0.043853
0 0.567604 0.343278 0.011458 0.043853
0 0.578229 0.340403 0.011458 0.043853
0 0.575313 0.294393 0.011458 0.043853
0 0.564479 0.297268 0.011458 0.043853
0 0.554271 0.299425 0.011458 0.043853
0 0.543438 0.301222 0.011458 0.043853
0 0.532813 0.303379 0.011458 0.043853
0 0.520729 0.306254 0.011458 0.043853
0 0.508854 0.306973 0.011458 0.043853
0 0.498854 0.308771 0.011458 0.043853
0 0.488646 0.310927 0.011458 0.043853
0 0.478646 0.312365 0.011458 0.043853
0 0.458646 0.314522 0.011458 0.043853
0 0.448021 0.315960 0.011458 0.043853
0 0.437604 0.318476 0.011458 0.043853
0 0.426771 0.319554 0.011458 0.043853
0 0.573125 0.157261 0.010833 0.046370
0 0.561875 0.158339 0.010833 0.046370
0 0.550417 0.159777 0.010833 0.046370
0 0.539375 0.163372 0.010833 0.046370
0 0.528542 0.165169 0.010833 0.046370
0 0.506667 0.168404 0.010833 0.046370
0 0.494792 0.170201 0.010833 0.046370
0 0.484375 0.171280 0.010833 0.046370
0 0.472917 0.173436 0.010833 0.046370
0 0.448958 0.175953 0.010833 0.046370
0 0.437708 0.178828 0.010833 0.046370
0 0.425208 0.179188 0.010833 0.046370
0 0.415000 0.180985 0.010833 0.046370
0 0.402292 0.182063 0.010833 0.046370
0 0.412396 0.130841 0.012292 0.043853
0 0.424479 0.131919 0.012292 0.043853
0 0.435312 0.129044 0.012292 0.043853
0 0.446562 0.126887 0.012292 0.043853
0 0.459062 0.124012 0.012292 0.043853
0 0.470104 0.123652 0.012292 0.043853
0 0.481563 0.122933 0.012292 0.043853
0 0.493021 0.121495 0.012292 0.043853
0 0.503646 0.118979 0.012292 0.043853
0 0.515104 0.117901 0.012292 0.043853
0 0.525937 0.115744 0.012292 0.043853
0 0.537396 0.113947 0.012292 0.043853
0 0.547813 0.112150 0.012292 0.043853
0 0.558854 0.109633 0.012292 0.043853
0 0.570104 0.103523 0.012292 0.043853
0 0.488646 0.244069 0.012292 0.043853
0 0.465313 0.244069 0.012292 0.043853
