0 0.583021 0.626528 0.028125 0.107836
0 0.605313 0.631919 0.028125 0.107836
0 0.629896 0.625090 0.028125 0.107836
0 0.720313 0.624371 0.028125 0.107836
0 0.789271 0.627247 0.028125 0.107836
0 0.704688 0.456147 0.028125 0.107836
0 0.628437 0.452912 0.028125 0.107836
0 0.605729 0.456866 0.028125 0.107836
0 0.582396 0.458303 0.028125 0.107836
0 0.562604 0.464414 0.028125 0.107836
0 0.558229 0.326024 0.028125 0.107836
0 0.607604 0.281093 0.028125 0.107836
0 0.631979 0.280374 0.028125 0.107836
0 0.685312 0.278577 0.028125 0.107836
0 0.753437 0.261682 0.028125 0.107836
0 0.773854 0.262042 0.028125 0.107836
0 0.769271 0.466571 0.028125 0.107836
