0 0.076698 0.631188 0.026297 0.081683
0 0.099343 0.631807 0.021914 0.080446
0 0.119795 0.633045 0.021914 0.082921
0 0.142440 0.632426 0.023375 0.081683
0 0.166180 0.633663 0.025566 0.084158
0 0.188093 0.634282 0.021183 0.082921
0 0.210373 0.632426 0.020453 0.086634
0 0.231191 0.633663 0.022644 0.086634
0 0.254200 0.634282 0.021914 0.085396
0 0.275749 0.634282 0.022644 0.082921
0 0.490139 0.617574 0.021914 0.079208
0 0.513514 0.612624 0.023375 0.079208
0 0.535427 0.603342 0.021914 0.080446
0 0.555880 0.602723 0.023375 0.079208
0 0.594229 0.605817 0.022644 0.087871
0 0.620891 0.608292 0.023375 0.085396
0 0.641344 0.607673 0.021914 0.076733
0 0.664354 0.600866 0.024105 0.077970
0 0.764061 0.608292 0.020453 0.068069
0 0.785610 0.612005 0.019722 0.065594
0 0.810446 0.599010 0.022644 0.076733
0 0.832359 0.597772 0.021183 0.071782
0 0.858656 0.588490 0.022644 0.077970
0 0.883492 0.588490 0.021183 0.077970
0 0.903579 0.590347 0.021914 0.076733
0 0.927319 0.593441 0.024105 0.075495
0 0.953981 0.590965 0.026297 0.080446
0 0.977356 0.592822 0.021914 0.081683