0 0.417396 0.881560 0.027292 0.026959
0 0.421771 0.789540 0.027292 0.026959
0 0.428229 0.742092 0.027292 0.026959
0 0.428438 0.719446 0.027292 0.026959
0 0.431979 0.684220 0.027292 0.026959
0 0.432812 0.660137 0.027292 0.026959
0 0.436979 0.620597 0.027292 0.026959
0 0.443437 0.550503 0.027292 0.026959
0 0.445521 0.523904 0.027292 0.026959
0 0.448854 0.499820 0.027292 0.026959
0 0.450313 0.477175 0.027292 0.026959
0 0.452188 0.453810 0.027292 0.026959
0 0.453646 0.435478 0.027292 0.026959
0 0.454688 0.409597 0.027292 0.026959
0 0.511771 0.421459 0.027292 0.026959
0 0.516146 0.378325 0.027292 0.026959
0 0.522604 0.293494 0.027292 0.026959
0 0.465729 0.267254 0.027292 0.026959
0 0.467396 0.243170 0.027292 0.026959
0 0.467813 0.220705 0.027292 0.033070
